512346789346789512789512346123467895467895123895123467234678951678951234951234678
512346789346789512789512346123467895467895123895123467234678951951234678678951234
512346789346789512789512346123467895467895123895123467678951234234678951951234678
512346789346789512789512346123467895467895123895123467678951234951234678234678951
512346789346789512789512346123467895467895123895123467951234678234678951678951234
512346789346789512789512346123467895467895123895123467951234678678951234234678951
512346789346789512789512346123467895895123467467895123234678951678951234951234678
512346789346789512789512346123467895895123467467895123234678951951234678678951234
512346789346789512789512346123467895895123467467895123678951234234678951951234678
512346789346789512789512346123467895895123467467895123678951234951234678234678951
512346789346789512789512346123467895895123467467895123951234678234678951678951234
512346789346789512789512346123467895895123467467895123951234678678951234234678951
512346789346789512789512346467895123895123467123467895234678951678951234951234678
512346789346789512789512346467895123895123467123467895234678951951234678678951234
512346789346789512789512346467895123895123467123467895678951234234678951951234678
512346789346789512789512346467895123895123467123467895678951234951234678234678951
512346789346789512789512346467895123895123467123467895951234678234678951678951234
512346789346789512789512346467895123895123467123467895951234678678951234234678951
512346789346789512789512346467895123123467895895123467234678951678951234951234678
512346789346789512789512346467895123123467895895123467234678951951234678678951234
512346789346789512789512346467895123123467895895123467678951234234678951951234678
512346789346789512789512346467895123123467895895123467678951234951234678234678951
512346789346789512789512346467895123123467895895123467951234678234678951678951234
512346789346789512789512346467895123123467895895123467951234678678951234234678951
512346789346789512789512346895123467467895123123467895234678951678951234951234678
512346789346789512789512346895123467467895123123467895234678951951234678678951234
512346789346789512789512346895123467467895123123467895678951234234678951951234678
512346789346789512789512346895123467467895123123467895678951234951234678234678951
512346789346789512789512346895123467467895123123467895951234678234678951678951234
512346789346789512789512346895123467467895123123467895951234678678951234234678951
512346789346789512789512346895123467123467895467895123234678951678951234951234678
512346789346789512789512346895123467123467895467895123234678951951234678678951234
512346789346789512789512346895123467123467895467895123678951234234678951951234678
512346789346789512789512346895123467123467895467895123678951234951234678234678951
512346789346789512789512346895123467123467895467895123951234678234678951678951234
512346789346789512789512346895123467123467895467895123951234678678951234234678951
512346789346789512789512346123467895467895123895123467234678951678951234951234678
512346789346789512789512346123467895467895123895123467234678951951234678678951234
512346789346789512789512346123467895467895123895123467678951234234678951951234678
512346789346789512789512346123467895467895123895123467678951234951234678234678951
512346789346789512789512346123467895467895123895123467951234678234678951678951234
512346789346789512789512346123467895467895123895123467951234678678951234234678951
512346789346789512789512346123467895895123467467895123234678951678951234951234678
512346789346789512789512346123467895895123467467895123234678951951234678678951234
512346789346789512789512346123467895895123467467895123678951234234678951951234678
512346789346789512789512346123467895895123467467895123678951234951234678234678951
512346789346789512789512346123467895895123467467895123951234678234678951678951234
512346789346789512789512346123467895895123467467895123951234678678951234234678951
512346789346789512789512346467895123895123467123467895234678951678951234951234678
512346789346789512789512346467895123895123467123467895234678951951234678678951234
512346789346789512789512346467895123895123467123467895678951234234678951951234678
512346789346789512789512346467895123895123467123467895678951234951234678234678951
512346789346789512789512346467895123895123467123467895951234678234678951678951234
512346789346789512789512346467895123895123467123467895951234678678951234234678951
512346789346789512789512346467895123123467895895123467234678951678951234951234678
512346789346789512789512346467895123123467895895123467234678951951234678678951234
512346789346789512789512346467895123123467895895123467678951234234678951951234678
512346789346789512789512346467895123123467895895123467678951234951234678234678951
512346789346789512789512346467895123123467895895123467951234678234678951678951234
512346789346789512789512346467895123123467895895123467951234678678951234234678951
512346789346789512789512346895123467467895123123467895234678951678951234951234678
512346789346789512789512346895123467467895123123467895234678951951234678678951234
512346789346789512789512346895123467467895123123467895678951234234678951951234678
512346789346789512789512346895123467467895123123467895678951234951234678234678951
512346789346789512789512346895123467467895123123467895951234678234678951678951234
512346789346789512789512346895123467467895123123467895951234678678951234234678951
512346789346789512789512346895123467123467895467895123234678951678951234951234678
512346789346789512789512346895123467123467895467895123234678951951234678678951234
512346789346789512789512346895123467123467895467895123678951234234678951951234678
512346789346789512789512346895123467123467895467895123678951234951234678234678951
512346789346789512789512346895123467123467895467895123951234678234678951678951234
512346789346789512789512346895123467123467895467895123951234678678951234234678951
512346789346789512789512346123467895467895123895123467234678951678951234951234678
512346789346789512789512346123467895467895123895123467234678951951234678678951234
512346789346789512789512346123467895467895123895123467678951234234678951951234678
512346789346789512789512346123467895467895123895123467678951234951234678234678951
512346789346789512789512346123467895467895123895123467951234678234678951678951234
512346789346789512789512346123467895467895123895123467951234678678951234234678951
512346789346789512789512346123467895895123467467895123234678951678951234951234678
512346789346789512789512346123467895895123467467895123234678951951234678678951234
512346789346789512789512346123467895895123467467895123678951234234678951951234678
512346789346789512789512346123467895895123467467895123678951234951234678234678951
512346789346789512789512346123467895895123467467895123951234678234678951678951234
512346789346789512789512346123467895895123467467895123951234678678951234234678951
512346789346789512789512346467895123895123467123467895234678951678951234951234678
512346789346789512789512346467895123895123467123467895234678951951234678678951234
512346789346789512789512346467895123895123467123467895678951234234678951951234678
512346789346789512789512346467895123895123467123467895678951234951234678234678951
512346789346789512789512346467895123895123467123467895951234678234678951678951234
512346789346789512789512346467895123895123467123467895951234678678951234234678951
512346789346789512789512346467895123123467895895123467234678951678951234951234678
512346789346789512789512346467895123123467895895123467234678951951234678678951234
512346789346789512789512346467895123123467895895123467678951234234678951951234678
512346789346789512789512346467895123123467895895123467678951234951234678234678951
512346789346789512789512346467895123123467895895123467951234678234678951678951234
512346789346789512789512346467895123123467895895123467951234678678951234234678951
512346789346789512789512346895123467467895123123467895234678951678951234951234678
512346789346789512789512346895123467467895123123467895234678951951234678678951234
512346789346789512789512346895123467467895123123467895678951234234678951951234678
512346789346789512789512346895123467467895123123467895678951234951234678234678951
512346789346789512789512346895123467467895123123467895951234678234678951678951234
512346789346789512789512346895123467467895123123467895951234678678951234234678951
512346789346789512789512346895123467123467895467895123234678951678951234951234678
512346789346789512789512346895123467123467895467895123234678951951234678678951234
512346789346789512789512346895123467123467895467895123678951234234678951951234678
512346789346789512789512346895123467123467895467895123678951234951234678234678951
512346789346789512789512346895123467123467895467895123951234678234678951678951234
512346789346789512789512346895123467123467895467895123951234678678951234234678951
512346789346789512789512346123467895467895123895123467234678951678951234951234678
512346789346789512789512346123467895467895123895123467234678951951234678678951234
512346789346789512789512346123467895467895123895123467678951234234678951951234678
512346789346789512789512346123467895467895123895123467678951234951234678234678951
512346789346789512789512346123467895467895123895123467951234678234678951678951234
512346789346789512789512346123467895467895123895123467951234678678951234234678951
512346789346789512789512346123467895895123467467895123234678951678951234951234678
512346789346789512789512346123467895895123467467895123234678951951234678678951234
512346789346789512789512346123467895895123467467895123678951234234678951951234678
512346789346789512789512346123467895895123467467895123678951234951234678234678951
512346789346789512789512346123467895895123467467895123951234678234678951678951234
512346789346789512789512346123467895895123467467895123951234678678951234234678951
512346789346789512789512346467895123895123467123467895234678951678951234951234678
512346789346789512789512346467895123895123467123467895234678951951234678678951234
512346789346789512789512346467895123895123467123467895678951234234678951951234678
512346789346789512789512346467895123895123467123467895678951234951234678234678951
512346789346789512789512346467895123895123467123467895951234678234678951678951234
512346789346789512789512346467895123895123467123467895951234678678951234234678951
512346789346789512789512346467895123123467895895123467234678951678951234951234678
512346789346789512789512346467895123123467895895123467234678951951234678678951234
512346789346789512789512346467895123123467895895123467678951234234678951951234678
512346789346789512789512346467895123123467895895123467678951234951234678234678951
512346789346789512789512346467895123123467895895123467951234678234678951678951234
512346789346789512789512346467895123123467895895123467951234678678951234234678951
512346789346789512789512346895123467467895123123467895234678951678951234951234678
512346789346789512789512346895123467467895123123467895234678951951234678678951234
512346789346789512789512346895123467467895123123467895678951234234678951951234678
512346789346789512789512346895123467467895123123467895678951234951234678234678951
512346789346789512789512346895123467467895123123467895951234678234678951678951234
512346789346789512789512346895123467467895123123467895951234678678951234234678951
512346789346789512789512346895123467123467895467895123234678951678951234951234678
512346789346789512789512346895123467123467895467895123234678951951234678678951234
512346789346789512789512346895123467123467895467895123678951234234678951951234678
512346789346789512789512346895123467123467895467895123678951234951234678234678951
512346789346789512789512346895123467123467895467895123951234678234678951678951234
512346789346789512789512346895123467123467895467895123951234678678951234234678951
512346789346789512789512346123467895467895123895123467234678951678951234951234678
512346789346789512789512346123467895467895123895123467234678951951234678678951234
512346789346789512789512346123467895467895123895123467678951234234678951951234678
512346789346789512789512346123467895467895123895123467678951234951234678234678951
512346789346789512789512346123467895467895123895123467951234678234678951678951234
512346789346789512789512346123467895467895123895123467951234678678951234234678951
512346789346789512789512346123467895895123467467895123234678951678951234951234678
512346789346789512789512346123467895895123467467895123234678951951234678678951234
512346789346789512789512346123467895895123467467895123678951234234678951951234678
512346789346789512789512346123467895895123467467895123678951234951234678234678951
512346789346789512789512346123467895895123467467895123951234678234678951678951234
512346789346789512789512346123467895895123467467895123951234678678951234234678951
512346789346789512789512346467895123895123467123467895234678951678951234951234678
512346789346789512789512346467895123895123467123467895234678951951234678678951234
512346789346789512789512346467895123895123467123467895678951234234678951951234678
512346789346789512789512346467895123895123467123467895678951234951234678234678951
512346789346789512789512346467895123895123467123467895951234678234678951678951234
512346789346789512789512346467895123895123467123467895951234678678951234234678951
512346789346789512789512346467895123123467895895123467234678951678951234951234678
512346789346789512789512346467895123123467895895123467234678951951234678678951234
512346789346789512789512346467895123123467895895123467678951234234678951951234678
512346789346789512789512346467895123123467895895123467678951234951234678234678951
512346789346789512789512346467895123123467895895123467951234678234678951678951234
512346789346789512789512346467895123123467895895123467951234678678951234234678951
512346789346789512789512346895123467467895123123467895234678951678951234951234678
512346789346789512789512346895123467467895123123467895234678951951234678678951234
512346789346789512789512346895123467467895123123467895678951234234678951951234678
512346789346789512789512346895123467467895123123467895678951234951234678234678951
512346789346789512789512346895123467467895123123467895951234678234678951678951234
512346789346789512789512346895123467467895123123467895951234678678951234234678951
512346789346789512789512346895123467123467895467895123234678951678951234951234678
512346789346789512789512346895123467123467895467895123234678951951234678678951234
512346789346789512789512346895123467123467895467895123678951234234678951951234678
512346789346789512789512346895123467123467895467895123678951234951234678234678951
512346789346789512789512346895123467123467895467895123951234678234678951678951234
512346789346789512789512346895123467123467895467895123951234678678951234234678951
512346789346789512789512346123467895467895123895123467234678951678951234951234678
512346789346789512789512346123467895467895123895123467234678951951234678678951234
512346789346789512789512346123467895467895123895123467678951234234678951951234678
512346789346789512789512346123467895467895123895123467678951234951234678234678951
512346789346789512789512346123467895467895123895123467951234678234678951678951234
512346789346789512789512346123467895467895123895123467951234678678951234234678951
512346789346789512789512346123467895895123467467895123234678951678951234951234678
512346789346789512789512346123467895895123467467895123234678951951234678678951234
512346789346789512789512346123467895895123467467895123678951234234678951951234678
512346789346789512789512346123467895895123467467895123678951234951234678234678951
512346789346789512789512346123467895895123467467895123951234678234678951678951234
512346789346789512789512346123467895895123467467895123951234678678951234234678951
512346789346789512789512346467895123895123467123467895234678951678951234951234678
512346789346789512789512346467895123895123467123467895234678951951234678678951234
512346789346789512789512346467895123895123467123467895678951234234678951951234678
512346789346789512789512346467895123895123467123467895678951234951234678234678951
512346789346789512789512346467895123895123467123467895951234678234678951678951234
512346789346789512789512346467895123895123467123467895951234678678951234234678951
512346789346789512789512346467895123123467895895123467234678951678951234951234678
512346789346789512789512346467895123123467895895123467234678951951234678678951234
512346789346789512789512346467895123123467895895123467678951234234678951951234678
512346789346789512789512346467895123123467895895123467678951234951234678234678951
512346789346789512789512346467895123123467895895123467951234678234678951678951234
512346789346789512789512346467895123123467895895123467951234678678951234234678951
512346789346789512789512346895123467467895123123467895234678951678951234951234678
512346789346789512789512346895123467467895123123467895234678951951234678678951234
512346789346789512789512346895123467467895123123467895678951234234678951951234678
512346789346789512789512346895123467467895123123467895678951234951234678234678951
512346789346789512789512346895123467467895123123467895951234678234678951678951234
512346789346789512789512346895123467467895123123467895951234678678951234234678951
512346789346789512789512346895123467123467895467895123234678951678951234951234678
512346789346789512789512346895123467123467895467895123234678951951234678678951234
512346789346789512789512346895123467123467895467895123678951234234678951951234678
512346789346789512789512346895123467123467895467895123678951234951234678234678951
512346789346789512789512346895123467123467895467895123951234678234678951678951234
512346789346789512789512346895123467123467895467895123951234678678951234234678951
512346789346789512789512346123467895467895123895123467234678951678951234951234678
512346789346789512789512346123467895467895123895123467234678951951234678678951234
512346789346789512789512346123467895467895123895123467678951234234678951951234678
512346789346789512789512346123467895467895123895123467678951234951234678234678951
512346789346789512789512346123467895467895123895123467951234678234678951678951234
512346789346789512789512346123467895467895123895123467951234678678951234234678951
512346789346789512789512346123467895895123467467895123234678951678951234951234678
512346789346789512789512346123467895895123467467895123234678951951234678678951234
512346789346789512789512346123467895895123467467895123678951234234678951951234678
512346789346789512789512346123467895895123467467895123678951234951234678234678951
512346789346789512789512346123467895895123467467895123951234678234678951678951234
512346789346789512789512346123467895895123467467895123951234678678951234234678951
512346789346789512789512346467895123895123467123467895234678951678951234951234678
512346789346789512789512346467895123895123467123467895234678951951234678678951234
512346789346789512789512346467895123895123467123467895678951234234678951951234678
512346789346789512789512346467895123895123467123467895678951234951234678234678951
512346789346789512789512346467895123895123467123467895951234678234678951678951234
512346789346789512789512346467895123895123467123467895951234678678951234234678951
512346789346789512789512346467895123123467895895123467234678951678951234951234678
512346789346789512789512346467895123123467895895123467234678951951234678678951234
512346789346789512789512346467895123123467895895123467678951234234678951951234678
512346789346789512789512346467895123123467895895123467678951234951234678234678951
512346789346789512789512346467895123123467895895123467951234678234678951678951234
512346789346789512789512346467895123123467895895123467951234678678951234234678951
512346789346789512789512346895123467467895123123467895234678951678951234951234678
512346789346789512789512346895123467467895123123467895234678951951234678678951234
512346789346789512789512346895123467467895123123467895678951234234678951951234678
512346789346789512789512346895123467467895123123467895678951234951234678234678951
512346789346789512789512346895123467467895123123467895951234678234678951678951234
512346789346789512789512346895123467467895123123467895951234678678951234234678951
512346789346789512789512346895123467123467895467895123234678951678951234951234678
512346789346789512789512346895123467123467895467895123234678951951234678678951234
512346789346789512789512346895123467123467895467895123678951234234678951951234678
512346789346789512789512346895123467123467895467895123678951234951234678234678951
512346789346789512789512346895123467123467895467895123951234678234678951678951234
512346789346789512789512346895123467123467895467895123951234678678951234234678951
512346789346789512789512346123467895467895123895123467234678951678951234951234678
512346789346789512789512346123467895467895123895123467234678951951234678678951234
512346789346789512789512346123467895467895123895123467678951234234678951951234678
512346789346789512789512346123467895467895123895123467678951234951234678234678951
512346789346789512789512346123467895467895123895123467951234678234678951678951234
512346789346789512789512346123467895467895123895123467951234678678951234234678951
512346789346789512789512346123467895895123467467895123234678951678951234951234678
512346789346789512789512346123467895895123467467895123234678951951234678678951234
512346789346789512789512346123467895895123467467895123678951234234678951951234678
512346789346789512789512346123467895895123467467895123678951234951234678234678951
512346789346789512789512346123467895895123467467895123951234678234678951678951234
512346789346789512789512346123467895895123467467895123951234678678951234234678951
512346789346789512789512346467895123895123467123467895234678951678951234951234678
512346789346789512789512346467895123895123467123467895234678951951234678678951234
512346789346789512789512346467895123895123467123467895678951234234678951951234678
512346789346789512789512346467895123895123467123467895678951234951234678234678951
512346789346789512789512346467895123895123467123467895951234678234678951678951234
512346789346789512789512346467895123895123467123467895951234678678951234234678951
512346789346789512789512346467895123123467895895123467234678951678951234951234678
512346789346789512789512346467895123123467895895123467234678951951234678678951234
512346789346789512789512346467895123123467895895123467678951234234678951951234678
512346789346789512789512346467895123123467895895123467678951234951234678234678951
512346789346789512789512346467895123123467895895123467951234678234678951678951234
512346789346789512789512346467895123123467895895123467951234678678951234234678951
512346789346789512789512346895123467467895123123467895234678951678951234951234678
512346789346789512789512346895123467467895123123467895234678951951234678678951234
512346789346789512789512346895123467467895123123467895678951234234678951951234678
512346789346789512789512346895123467467895123123467895678951234951234678234678951
512346789346789512789512346895123467467895123123467895951234678234678951678951234
512346789346789512789512346895123467467895123123467895951234678678951234234678951
512346789346789512789512346895123467123467895467895123234678951678951234951234678
512346789346789512789512346895123467123467895467895123234678951951234678678951234
512346789346789512789512346895123467123467895467895123678951234234678951951234678
512346789346789512789512346895123467123467895467895123678951234951234678234678951
512346789346789512789512346895123467123467895467895123951234678234678951678951234
512346789346789512789512346895123467123467895467895123951234678678951234234678951
512346789346789512789512346123467895467895123895123467234678951678951234951234678
512346789346789512789512346123467895467895123895123467234678951951234678678951234
512346789346789512789512346123467895467895123895123467678951234234678951951234678
512346789346789512789512346123467895467895123895123467678951234951234678234678951
512346789346789512789512346123467895467895123895123467951234678234678951678951234
512346789346789512789512346123467895467895123895123467951234678678951234234678951
512346789346789512789512346123467895895123467467895123234678951678951234951234678
512346789346789512789512346123467895895123467467895123234678951951234678678951234
512346789346789512789512346123467895895123467467895123678951234234678951951234678
512346789346789512789512346123467895895123467467895123678951234951234678234678951
512346789346789512789512346123467895895123467467895123951234678234678951678951234
512346789346789512789512346123467895895123467467895123951234678678951234234678951
512346789346789512789512346467895123895123467123467895234678951678951234951234678
512346789346789512789512346467895123895123467123467895234678951951234678678951234
512346789346789512789512346467895123895123467123467895678951234234678951951234678
512346789346789512789512346467895123895123467123467895678951234951234678234678951
512346789346789512789512346467895123895123467123467895951234678234678951678951234
512346789346789512789512346467895123895123467123467895951234678678951234234678951
512346789346789512789512346467895123123467895895123467234678951678951234951234678
512346789346789512789512346467895123123467895895123467234678951951234678678951234
512346789346789512789512346467895123123467895895123467678951234234678951951234678
512346789346789512789512346467895123123467895895123467678951234951234678234678951
512346789346789512789512346467895123123467895895123467951234678234678951678951234
512346789346789512789512346467895123123467895895123467951234678678951234234678951
512346789346789512789512346895123467467895123123467895234678951678951234951234678
512346789346789512789512346895123467467895123123467895234678951951234678678951234
512346789346789512789512346895123467467895123123467895678951234234678951951234678
512346789346789512789512346895123467467895123123467895678951234951234678234678951
512346789346789512789512346895123467467895123123467895951234678234678951678951234
512346789346789512789512346895123467467895123123467895951234678678951234234678951
512346789346789512789512346895123467123467895467895123234678951678951234951234678
512346789346789512789512346895123467123467895467895123234678951951234678678951234
512346789346789512789512346895123467123467895467895123678951234234678951951234678
512346789346789512789512346895123467123467895467895123678951234951234678234678951
512346789346789512789512346895123467123467895467895123951234678234678951678951234
512346789346789512789512346895123467123467895467895123951234678678951234234678951
512346789346789512789512346123467895467895123895123467234678951678951234951234678
512346789346789512789512346123467895467895123895123467234678951951234678678951234
512346789346789512789512346123467895467895123895123467678951234234678951951234678
512346789346789512789512346123467895467895123895123467678951234951234678234678951
512346789346789512789512346123467895467895123895123467951234678234678951678951234
512346789346789512789512346123467895467895123895123467951234678678951234234678951
512346789346789512789512346123467895895123467467895123234678951678951234951234678
512346789346789512789512346123467895895123467467895123234678951951234678678951234
512346789346789512789512346123467895895123467467895123678951234234678951951234678
512346789346789512789512346123467895895123467467895123678951234951234678234678951
512346789346789512789512346123467895895123467467895123951234678234678951678951234
512346789346789512789512346123467895895123467467895123951234678678951234234678951
512346789346789512789512346467895123895123467123467895234678951678951234951234678
512346789346789512789512346467895123895123467123467895234678951951234678678951234
512346789346789512789512346467895123895123467123467895678951234234678951951234678
512346789346789512789512346467895123895123467123467895678951234951234678234678951
512346789346789512789512346467895123895123467123467895951234678234678951678951234
512346789346789512789512346467895123895123467123467895951234678678951234234678951
512346789346789512789512346467895123123467895895123467234678951678951234951234678
512346789346789512789512346467895123123467895895123467234678951951234678678951234
512346789346789512789512346467895123123467895895123467678951234234678951951234678
512346789346789512789512346467895123123467895895123467678951234951234678234678951
512346789346789512789512346467895123123467895895123467951234678234678951678951234
512346789346789512789512346467895123123467895895123467951234678678951234234678951
512346789346789512789512346895123467467895123123467895234678951678951234951234678
512346789346789512789512346895123467467895123123467895234678951951234678678951234
512346789346789512789512346895123467467895123123467895678951234234678951951234678
512346789346789512789512346895123467467895123123467895678951234951234678234678951
512346789346789512789512346895123467467895123123467895951234678234678951678951234
512346789346789512789512346895123467467895123123467895951234678678951234234678951
512346789346789512789512346895123467123467895467895123234678951678951234951234678
512346789346789512789512346895123467123467895467895123234678951951234678678951234
512346789346789512789512346895123467123467895467895123678951234234678951951234678
512346789346789512789512346895123467123467895467895123678951234951234678234678951
512346789346789512789512346895123467123467895467895123951234678234678951678951234
512346789346789512789512346895123467123467895467895123951234678678951234234678951
512346789346789512789512346123467895467895123895123467234678951678951234951234678
512346789346789512789512346123467895467895123895123467234678951951234678678951234
512346789346789512789512346123467895467895123895123467678951234234678951951234678
512346789346789512789512346123467895467895123895123467678951234951234678234678951
512346789346789512789512346123467895467895123895123467951234678234678951678951234
512346789346789512789512346123467895467895123895123467951234678678951234234678951
512346789346789512789512346123467895895123467467895123234678951678951234951234678
512346789346789512789512346123467895895123467467895123234678951951234678678951234
512346789346789512789512346123467895895123467467895123678951234234678951951234678
512346789346789512789512346123467895895123467467895123678951234951234678234678951
512346789346789512789512346123467895895123467467895123951234678234678951678951234
512346789346789512789512346123467895895123467467895123951234678678951234234678951
512346789346789512789512346467895123895123467123467895234678951678951234951234678
512346789346789512789512346467895123895123467123467895234678951951234678678951234
512346789346789512789512346467895123895123467123467895678951234234678951951234678
512346789346789512789512346467895123895123467123467895678951234951234678234678951
512346789346789512789512346467895123895123467123467895951234678234678951678951234
512346789346789512789512346467895123895123467123467895951234678678951234234678951
512346789346789512789512346467895123123467895895123467234678951678951234951234678
512346789346789512789512346467895123123467895895123467234678951951234678678951234
512346789346789512789512346467895123123467895895123467678951234234678951951234678
512346789346789512789512346467895123123467895895123467678951234951234678234678951
512346789346789512789512346467895123123467895895123467951234678234678951678951234
512346789346789512789512346467895123123467895895123467951234678678951234234678951
512346789346789512789512346895123467467895123123467895234678951678951234951234678
512346789346789512789512346895123467467895123123467895234678951951234678678951234
512346789346789512789512346895123467467895123123467895678951234234678951951234678
512346789346789512789512346895123467467895123123467895678951234951234678234678951
512346789346789512789512346895123467467895123123467895951234678234678951678951234
512346789346789512789512346895123467467895123123467895951234678678951234234678951
512346789346789512789512346895123467123467895467895123234678951678951234951234678
512346789346789512789512346895123467123467895467895123234678951951234678678951234
512346789346789512789512346895123467123467895467895123678951234234678951951234678
512346789346789512789512346895123467123467895467895123678951234951234678234678951
512346789346789512789512346895123467123467895467895123951234678234678951678951234
512346789346789512789512346895123467123467895467895123951234678678951234234678951
512346789346789512789512346123467895467895123895123467234678951678951234951234678
512346789346789512789512346123467895467895123895123467234678951951234678678951234
512346789346789512789512346123467895467895123895123467678951234234678951951234678
512346789346789512789512346123467895467895123895123467678951234951234678234678951
512346789346789512789512346123467895467895123895123467951234678234678951678951234
512346789346789512789512346123467895467895123895123467951234678678951234234678951
512346789346789512789512346123467895895123467467895123234678951678951234951234678
512346789346789512789512346123467895895123467467895123234678951951234678678951234
512346789346789512789512346123467895895123467467895123678951234234678951951234678
512346789346789512789512346123467895895123467467895123678951234951234678234678951
512346789346789512789512346123467895895123467467895123951234678234678951678951234
512346789346789512789512346123467895895123467467895123951234678678951234234678951
512346789346789512789512346467895123895123467123467895234678951678951234951234678
512346789346789512789512346467895123895123467123467895234678951951234678678951234
512346789346789512789512346467895123895123467123467895678951234234678951951234678
512346789346789512789512346467895123895123467123467895678951234951234678234678951
512346789346789512789512346467895123895123467123467895951234678234678951678951234
512346789346789512789512346467895123895123467123467895951234678678951234234678951
512346789346789512789512346467895123123467895895123467234678951678951234951234678
512346789346789512789512346467895123123467895895123467234678951951234678678951234
512346789346789512789512346467895123123467895895123467678951234234678951951234678
512346789346789512789512346467895123123467895895123467678951234951234678234678951
512346789346789512789512346467895123123467895895123467951234678234678951678951234
512346789346789512789512346467895123123467895895123467951234678678951234234678951
512346789346789512789512346895123467467895123123467895234678951678951234951234678
512346789346789512789512346895123467467895123123467895234678951951234678678951234
512346789346789512789512346895123467467895123123467895678951234234678951951234678
512346789346789512789512346895123467467895123123467895678951234951234678234678951
512346789346789512789512346895123467467895123123467895951234678234678951678951234
512346789346789512789512346895123467467895123123467895951234678678951234234678951
512346789346789512789512346895123467123467895467895123234678951678951234951234678
512346789346789512789512346895123467123467895467895123234678951951234678678951234
512346789346789512789512346895123467123467895467895123678951234234678951951234678
512346789346789512789512346895123467123467895467895123678951234951234678234678951
512346789346789512789512346895123467123467895467895123951234678234678951678951234
512346789346789512789512346895123467123467895467895123951234678678951234234678951
512346789346789512789512346123467895467895123895123467234678951678951234951234678
512346789346789512789512346123467895467895123895123467234678951951234678678951234
512346789346789512789512346123467895467895123895123467678951234234678951951234678
512346789346789512789512346123467895467895123895123467678951234951234678234678951
512346789346789512789512346123467895467895123895123467951234678234678951678951234
512346789346789512789512346123467895467895123895123467951234678678951234234678951
512346789346789512789512346123467895895123467467895123234678951678951234951234678
512346789346789512789512346123467895895123467467895123234678951951234678678951234
512346789346789512789512346123467895895123467467895123678951234234678951951234678
512346789346789512789512346123467895895123467467895123678951234951234678234678951
512346789346789512789512346123467895895123467467895123951234678234678951678951234
512346789346789512789512346123467895895123467467895123951234678678951234234678951
512346789346789512789512346467895123895123467123467895234678951678951234951234678
512346789346789512789512346467895123895123467123467895234678951951234678678951234
512346789346789512789512346467895123895123467123467895678951234234678951951234678
512346789346789512789512346467895123895123467123467895678951234951234678234678951
512346789346789512789512346467895123895123467123467895951234678234678951678951234
512346789346789512789512346467895123895123467123467895951234678678951234234678951
512346789346789512789512346467895123123467895895123467234678951678951234951234678
512346789346789512789512346467895123123467895895123467234678951951234678678951234
512346789346789512789512346467895123123467895895123467678951234234678951951234678
512346789346789512789512346467895123123467895895123467678951234951234678234678951
512346789346789512789512346467895123123467895895123467951234678234678951678951234
512346789346789512789512346467895123123467895895123467951234678678951234234678951
512346789346789512789512346895123467467895123123467895234678951678951234951234678
512346789346789512789512346895123467467895123123467895234678951951234678678951234
512346789346789512789512346895123467467895123123467895678951234234678951951234678
512346789346789512789512346895123467467895123123467895678951234951234678234678951
512346789346789512789512346895123467467895123123467895951234678234678951678951234
512346789346789512789512346895123467467895123123467895951234678678951234234678951
512346789346789512789512346895123467123467895467895123234678951678951234951234678
512346789346789512789512346895123467123467895467895123234678951951234678678951234
512346789346789512789512346895123467123467895467895123678951234234678951951234678
512346789346789512789512346895123467123467895467895123678951234951234678234678951
512346789346789512789512346895123467123467895467895123951234678234678951678951234
512346789346789512789512346895123467123467895467895123951234678678951234234678951
512346789346789512789512346123467895467895123895123467234678951678951234951234678
512346789346789512789512346123467895467895123895123467234678951951234678678951234
512346789346789512789512346123467895467895123895123467678951234234678951951234678
512346789346789512789512346123467895467895123895123467678951234951234678234678951
512346789346789512789512346123467895467895123895123467951234678234678951678951234
512346789346789512789512346123467895467895123895123467951234678678951234234678951
512346789346789512789512346123467895895123467467895123234678951678951234951234678
512346789346789512789512346123467895895123467467895123234678951951234678678951234
512346789346789512789512346123467895895123467467895123678951234234678951951234678
512346789346789512789512346123467895895123467467895123678951234951234678234678951
512346789346789512789512346123467895895123467467895123951234678234678951678951234
512346789346789512789512346123467895895123467467895123951234678678951234234678951
512346789346789512789512346467895123895123467123467895234678951678951234951234678
512346789346789512789512346467895123895123467123467895234678951951234678678951234
512346789346789512789512346467895123895123467123467895678951234234678951951234678
512346789346789512789512346467895123895123467123467895678951234951234678234678951
512346789346789512789512346467895123895123467123467895951234678234678951678951234
512346789346789512789512346467895123895123467123467895951234678678951234234678951
512346789346789512789512346467895123123467895895123467234678951678951234951234678
512346789346789512789512346467895123123467895895123467234678951951234678678951234
512346789346789512789512346467895123123467895895123467678951234234678951951234678
512346789346789512789512346467895123123467895895123467678951234951234678234678951
512346789346789512789512346467895123123467895895123467951234678234678951678951234
512346789346789512789512346467895123123467895895123467951234678678951234234678951
512346789346789512789512346895123467467895123123467895234678951678951234951234678
512346789346789512789512346895123467467895123123467895234678951951234678678951234
512346789346789512789512346895123467467895123123467895678951234234678951951234678
512346789346789512789512346895123467467895123123467895678951234951234678234678951
512346789346789512789512346895123467467895123123467895951234678234678951678951234
512346789346789512789512346895123467467895123123467895951234678678951234234678951
512346789346789512789512346895123467123467895467895123234678951678951234951234678
512346789346789512789512346895123467123467895467895123234678951951234678678951234
512346789346789512789512346895123467123467895467895123678951234234678951951234678
512346789346789512789512346895123467123467895467895123678951234951234678234678951
512346789346789512789512346895123467123467895467895123951234678234678951678951234
512346789346789512789512346895123467123467895467895123951234678678951234234678951
512346789346789512789512346123467895467895123895123467234678951678951234951234678
512346789346789512789512346123467895467895123895123467234678951951234678678951234
512346789346789512789512346123467895467895123895123467678951234234678951951234678
512346789346789512789512346123467895467895123895123467678951234951234678234678951
512346789346789512789512346123467895467895123895123467951234678234678951678951234
512346789346789512789512346123467895467895123895123467951234678678951234234678951
512346789346789512789512346123467895895123467467895123234678951678951234951234678
512346789346789512789512346123467895895123467467895123234678951951234678678951234
512346789346789512789512346123467895895123467467895123678951234234678951951234678
512346789346789512789512346123467895895123467467895123678951234951234678234678951
512346789346789512789512346123467895895123467467895123951234678234678951678951234
512346789346789512789512346123467895895123467467895123951234678678951234234678951
512346789346789512789512346467895123895123467123467895234678951678951234951234678
512346789346789512789512346467895123895123467123467895234678951951234678678951234
512346789346789512789512346467895123895123467123467895678951234234678951951234678
512346789346789512789512346467895123895123467123467895678951234951234678234678951
512346789346789512789512346467895123895123467123467895951234678234678951678951234
512346789346789512789512346467895123895123467123467895951234678678951234234678951
512346789346789512789512346467895123123467895895123467234678951678951234951234678
512346789346789512789512346467895123123467895895123467234678951951234678678951234
512346789346789512789512346467895123123467895895123467678951234234678951951234678
512346789346789512789512346467895123123467895895123467678951234951234678234678951
512346789346789512789512346467895123123467895895123467951234678234678951678951234
512346789346789512789512346467895123123467895895123467951234678678951234234678951
512346789346789512789512346895123467467895123123467895234678951678951234951234678
512346789346789512789512346895123467467895123123467895234678951951234678678951234
512346789346789512789512346895123467467895123123467895678951234234678951951234678
512346789346789512789512346895123467467895123123467895678951234951234678234678951
512346789346789512789512346895123467467895123123467895951234678234678951678951234
512346789346789512789512346895123467467895123123467895951234678678951234234678951
512346789346789512789512346895123467123467895467895123234678951678951234951234678
512346789346789512789512346895123467123467895467895123234678951951234678678951234
512346789346789512789512346895123467123467895467895123678951234234678951951234678
512346789346789512789512346895123467123467895467895123678951234951234678234678951
512346789346789512789512346895123467123467895467895123951234678234678951678951234
512346789346789512789512346895123467123467895467895123951234678678951234234678951
512346789346789512789512346123467895467895123895123467234678951678951234951234678
512346789346789512789512346123467895467895123895123467234678951951234678678951234
512346789346789512789512346123467895467895123895123467678951234234678951951234678
512346789346789512789512346123467895467895123895123467678951234951234678234678951
512346789346789512789512346123467895467895123895123467951234678234678951678951234
512346789346789512789512346123467895467895123895123467951234678678951234234678951
512346789346789512789512346123467895895123467467895123234678951678951234951234678
512346789346789512789512346123467895895123467467895123234678951951234678678951234
512346789346789512789512346123467895895123467467895123678951234234678951951234678
512346789346789512789512346123467895895123467467895123678951234951234678234678951
512346789346789512789512346123467895895123467467895123951234678234678951678951234
512346789346789512789512346123467895895123467467895123951234678678951234234678951
512346789346789512789512346467895123895123467123467895234678951678951234951234678
512346789346789512789512346467895123895123467123467895234678951951234678678951234
512346789346789512789512346467895123895123467123467895678951234234678951951234678
512346789346789512789512346467895123895123467123467895678951234951234678234678951
512346789346789512789512346467895123895123467123467895951234678234678951678951234
512346789346789512789512346467895123895123467123467895951234678678951234234678951
512346789346789512789512346467895123123467895895123467234678951678951234951234678
512346789346789512789512346467895123123467895895123467234678951951234678678951234
512346789346789512789512346467895123123467895895123467678951234234678951951234678
512346789346789512789512346467895123123467895895123467678951234951234678234678951
512346789346789512789512346467895123123467895895123467951234678234678951678951234
512346789346789512789512346467895123123467895895123467951234678678951234234678951
512346789346789512789512346895123467467895123123467895234678951678951234951234678
512346789346789512789512346895123467467895123123467895234678951951234678678951234
512346789346789512789512346895123467467895123123467895678951234234678951951234678
512346789346789512789512346895123467467895123123467895678951234951234678234678951
512346789346789512789512346895123467467895123123467895951234678234678951678951234
512346789346789512789512346895123467467895123123467895951234678678951234234678951
512346789346789512789512346895123467123467895467895123234678951678951234951234678
512346789346789512789512346895123467123467895467895123234678951951234678678951234
512346789346789512789512346895123467123467895467895123678951234234678951951234678
512346789346789512789512346895123467123467895467895123678951234951234678234678951
512346789346789512789512346895123467123467895467895123951234678234678951678951234
512346789346789512789512346895123467123467895467895123951234678678951234234678951
512346789346789512789512346123467895467895123895123467234678951678951234951234678
512346789346789512789512346123467895467895123895123467234678951951234678678951234
512346789346789512789512346123467895467895123895123467678951234234678951951234678
512346789346789512789512346123467895467895123895123467678951234951234678234678951
512346789346789512789512346123467895467895123895123467951234678234678951678951234
512346789346789512789512346123467895467895123895123467951234678678951234234678951
512346789346789512789512346123467895895123467467895123234678951678951234951234678
512346789346789512789512346123467895895123467467895123234678951951234678678951234
512346789346789512789512346123467895895123467467895123678951234234678951951234678
512346789346789512789512346123467895895123467467895123678951234951234678234678951
512346789346789512789512346123467895895123467467895123951234678234678951678951234
512346789346789512789512346123467895895123467467895123951234678678951234234678951
512346789346789512789512346467895123895123467123467895234678951678951234951234678
512346789346789512789512346467895123895123467123467895234678951951234678678951234
512346789346789512789512346467895123895123467123467895678951234234678951951234678
512346789346789512789512346467895123895123467123467895678951234951234678234678951
512346789346789512789512346467895123895123467123467895951234678234678951678951234
512346789346789512789512346467895123895123467123467895951234678678951234234678951
512346789346789512789512346467895123123467895895123467234678951678951234951234678
512346789346789512789512346467895123123467895895123467234678951951234678678951234
512346789346789512789512346467895123123467895895123467678951234234678951951234678
512346789346789512789512346467895123123467895895123467678951234951234678234678951
512346789346789512789512346467895123123467895895123467951234678234678951678951234
512346789346789512789512346467895123123467895895123467951234678678951234234678951
512346789346789512789512346895123467467895123123467895234678951678951234951234678
512346789346789512789512346895123467467895123123467895234678951951234678678951234
512346789346789512789512346895123467467895123123467895678951234234678951951234678
512346789346789512789512346895123467467895123123467895678951234951234678234678951
512346789346789512789512346895123467467895123123467895951234678234678951678951234
512346789346789512789512346895123467467895123123467895951234678678951234234678951
512346789346789512789512346895123467123467895467895123234678951678951234951234678
512346789346789512789512346895123467123467895467895123234678951951234678678951234
512346789346789512789512346895123467123467895467895123678951234234678951951234678
512346789346789512789512346895123467123467895467895123678951234951234678234678951
512346789346789512789512346895123467123467895467895123951234678234678951678951234
512346789346789512789512346895123467123467895467895123951234678678951234234678951
512346789346789512789512346123467895467895123895123467234678951678951234951234678
512346789346789512789512346123467895467895123895123467234678951951234678678951234
512346789346789512789512346123467895467895123895123467678951234234678951951234678
512346789346789512789512346123467895467895123895123467678951234951234678234678951
512346789346789512789512346123467895467895123895123467951234678234678951678951234
512346789346789512789512346123467895467895123895123467951234678678951234234678951
512346789346789512789512346123467895895123467467895123234678951678951234951234678
512346789346789512789512346123467895895123467467895123234678951951234678678951234
512346789346789512789512346123467895895123467467895123678951234234678951951234678
512346789346789512789512346123467895895123467467895123678951234951234678234678951
512346789346789512789512346123467895895123467467895123951234678234678951678951234
512346789346789512789512346123467895895123467467895123951234678678951234234678951
512346789346789512789512346467895123895123467123467895234678951678951234951234678
512346789346789512789512346467895123895123467123467895234678951951234678678951234
512346789346789512789512346467895123895123467123467895678951234234678951951234678
512346789346789512789512346467895123895123467123467895678951234951234678234678951
512346789346789512789512346467895123895123467123467895951234678234678951678951234
512346789346789512789512346467895123895123467123467895951234678678951234234678951
512346789346789512789512346467895123123467895895123467234678951678951234951234678
512346789346789512789512346467895123123467895895123467234678951951234678678951234
512346789346789512789512346467895123123467895895123467678951234234678951951234678
512346789346789512789512346467895123123467895895123467678951234951234678234678951
512346789346789512789512346467895123123467895895123467951234678234678951678951234
512346789346789512789512346467895123123467895895123467951234678678951234234678951
512346789346789512789512346895123467467895123123467895234678951678951234951234678
512346789346789512789512346895123467467895123123467895234678951951234678678951234
512346789346789512789512346895123467467895123123467895678951234234678951951234678
512346789346789512789512346895123467467895123123467895678951234951234678234678951
512346789346789512789512346895123467467895123123467895951234678234678951678951234
512346789346789512789512346895123467467895123123467895951234678678951234234678951
512346789346789512789512346895123467123467895467895123234678951678951234951234678
512346789346789512789512346895123467123467895467895123234678951951234678678951234
512346789346789512789512346895123467123467895467895123678951234234678951951234678
512346789346789512789512346895123467123467895467895123678951234951234678234678951
512346789346789512789512346895123467123467895467895123951234678234678951678951234
512346789346789512789512346895123467123467895467895123951234678678951234234678951
512346789346789512789512346123467895467895123895123467234678951678951234951234678
512346789346789512789512346123467895467895123895123467234678951951234678678951234
512346789346789512789512346123467895467895123895123467678951234234678951951234678
512346789346789512789512346123467895467895123895123467678951234951234678234678951
512346789346789512789512346123467895467895123895123467951234678234678951678951234
512346789346789512789512346123467895467895123895123467951234678678951234234678951
512346789346789512789512346123467895895123467467895123234678951678951234951234678
512346789346789512789512346123467895895123467467895123234678951951234678678951234
512346789346789512789512346123467895895123467467895123678951234234678951951234678
512346789346789512789512346123467895895123467467895123678951234951234678234678951
512346789346789512789512346123467895895123467467895123951234678234678951678951234
512346789346789512789512346123467895895123467467895123951234678678951234234678951
512346789346789512789512346467895123895123467123467895234678951678951234951234678
512346789346789512789512346467895123895123467123467895234678951951234678678951234
512346789346789512789512346467895123895123467123467895678951234234678951951234678
512346789346789512789512346467895123895123467123467895678951234951234678234678951
512346789346789512789512346467895123895123467123467895951234678234678951678951234
512346789346789512789512346467895123895123467123467895951234678678951234234678951
512346789346789512789512346467895123123467895895123467234678951678951234951234678
512346789346789512789512346467895123123467895895123467234678951951234678678951234
512346789346789512789512346467895123123467895895123467678951234234678951951234678
512346789346789512789512346467895123123467895895123467678951234951234678234678951
512346789346789512789512346467895123123467895895123467951234678234678951678951234
512346789346789512789512346467895123123467895895123467951234678678951234234678951
512346789346789512789512346895123467467895123123467895234678951678951234951234678
512346789346789512789512346895123467467895123123467895234678951951234678678951234
512346789346789512789512346895123467467895123123467895678951234234678951951234678
512346789346789512789512346895123467467895123123467895678951234951234678234678951
512346789346789512789512346895123467467895123123467895951234678234678951678951234
512346789346789512789512346895123467467895123123467895951234678678951234234678951
512346789346789512789512346895123467123467895467895123234678951678951234951234678
512346789346789512789512346895123467123467895467895123234678951951234678678951234
512346789346789512789512346895123467123467895467895123678951234234678951951234678
512346789346789512789512346895123467123467895467895123678951234951234678234678951
512346789346789512789512346895123467123467895467895123951234678234678951678951234
512346789346789512789512346895123467123467895467895123951234678678951234234678951
512346789346789512789512346123467895467895123895123467234678951678951234951234678
512346789346789512789512346123467895467895123895123467234678951951234678678951234
512346789346789512789512346123467895467895123895123467678951234234678951951234678
512346789346789512789512346123467895467895123895123467678951234951234678234678951
512346789346789512789512346123467895467895123895123467951234678234678951678951234
512346789346789512789512346123467895467895123895123467951234678678951234234678951
512346789346789512789512346123467895895123467467895123234678951678951234951234678
512346789346789512789512346123467895895123467467895123234678951951234678678951234
512346789346789512789512346123467895895123467467895123678951234234678951951234678
512346789346789512789512346123467895895123467467895123678951234951234678234678951
512346789346789512789512346123467895895123467467895123951234678234678951678951234
512346789346789512789512346123467895895123467467895123951234678678951234234678951
512346789346789512789512346467895123895123467123467895234678951678951234951234678
512346789346789512789512346467895123895123467123467895234678951951234678678951234
512346789346789512789512346467895123895123467123467895678951234234678951951234678
512346789346789512789512346467895123895123467123467895678951234951234678234678951
512346789346789512789512346467895123895123467123467895951234678234678951678951234
512346789346789512789512346467895123895123467123467895951234678678951234234678951
512346789346789512789512346467895123123467895895123467234678951678951234951234678
512346789346789512789512346467895123123467895895123467234678951951234678678951234
512346789346789512789512346467895123123467895895123467678951234234678951951234678
512346789346789512789512346467895123123467895895123467678951234951234678234678951
512346789346789512789512346467895123123467895895123467951234678234678951678951234
512346789346789512789512346467895123123467895895123467951234678678951234234678951
512346789346789512789512346895123467467895123123467895234678951678951234951234678
512346789346789512789512346895123467467895123123467895234678951951234678678951234
512346789346789512789512346895123467467895123123467895678951234234678951951234678
512346789346789512789512346895123467467895123123467895678951234951234678234678951
512346789346789512789512346895123467467895123123467895951234678234678951678951234
512346789346789512789512346895123467467895123123467895951234678678951234234678951
512346789346789512789512346895123467123467895467895123234678951678951234951234678
512346789346789512789512346895123467123467895467895123234678951951234678678951234
512346789346789512789512346895123467123467895467895123678951234234678951951234678
512346789346789512789512346895123467123467895467895123678951234951234678234678951
512346789346789512789512346895123467123467895467895123951234678234678951678951234
512346789346789512789512346895123467123467895467895123951234678678951234234678951
512346789346789512789512346123467895467895123895123467234678951678951234951234678
512346789346789512789512346123467895467895123895123467234678951951234678678951234
512346789346789512789512346123467895467895123895123467678951234234678951951234678
512346789346789512789512346123467895467895123895123467678951234951234678234678951
512346789346789512789512346123467895467895123895123467951234678234678951678951234
512346789346789512789512346123467895467895123895123467951234678678951234234678951
512346789346789512789512346123467895895123467467895123234678951678951234951234678
512346789346789512789512346123467895895123467467895123234678951951234678678951234
512346789346789512789512346123467895895123467467895123678951234234678951951234678
512346789346789512789512346123467895895123467467895123678951234951234678234678951
512346789346789512789512346123467895895123467467895123951234678234678951678951234
512346789346789512789512346123467895895123467467895123951234678678951234234678951
512346789346789512789512346467895123895123467123467895234678951678951234951234678
512346789346789512789512346467895123895123467123467895234678951951234678678951234
512346789346789512789512346467895123895123467123467895678951234234678951951234678
512346789346789512789512346467895123895123467123467895678951234951234678234678951
512346789346789512789512346467895123895123467123467895951234678234678951678951234
512346789346789512789512346467895123895123467123467895951234678678951234234678951
512346789346789512789512346467895123123467895895123467234678951678951234951234678
512346789346789512789512346467895123123467895895123467234678951951234678678951234
512346789346789512789512346467895123123467895895123467678951234234678951951234678
512346789346789512789512346467895123123467895895123467678951234951234678234678951
512346789346789512789512346467895123123467895895123467951234678234678951678951234
512346789346789512789512346467895123123467895895123467951234678678951234234678951
512346789346789512789512346895123467467895123123467895234678951678951234951234678
512346789346789512789512346895123467467895123123467895234678951951234678678951234
512346789346789512789512346895123467467895123123467895678951234234678951951234678
512346789346789512789512346895123467467895123123467895678951234951234678234678951
512346789346789512789512346895123467467895123123467895951234678234678951678951234
512346789346789512789512346895123467467895123123467895951234678678951234234678951
512346789346789512789512346895123467123467895467895123234678951678951234951234678
512346789346789512789512346895123467123467895467895123234678951951234678678951234
512346789346789512789512346895123467123467895467895123678951234234678951951234678
512346789346789512789512346895123467123467895467895123678951234951234678234678951
512346789346789512789512346895123467123467895467895123951234678234678951678951234
512346789346789512789512346895123467123467895467895123951234678678951234234678951
512346789346789512789512346123467895467895123895123467234678951678951234951234678
512346789346789512789512346123467895467895123895123467234678951951234678678951234
512346789346789512789512346123467895467895123895123467678951234234678951951234678
512346789346789512789512346123467895467895123895123467678951234951234678234678951
512346789346789512789512346123467895467895123895123467951234678234678951678951234
512346789346789512789512346123467895467895123895123467951234678678951234234678951
512346789346789512789512346123467895895123467467895123234678951678951234951234678
512346789346789512789512346123467895895123467467895123234678951951234678678951234
512346789346789512789512346123467895895123467467895123678951234234678951951234678
512346789346789512789512346123467895895123467467895123678951234951234678234678951
512346789346789512789512346123467895895123467467895123951234678234678951678951234
512346789346789512789512346123467895895123467467895123951234678678951234234678951
512346789346789512789512346467895123895123467123467895234678951678951234951234678
512346789346789512789512346467895123895123467123467895234678951951234678678951234
512346789346789512789512346467895123895123467123467895678951234234678951951234678
512346789346789512789512346467895123895123467123467895678951234951234678234678951
512346789346789512789512346467895123895123467123467895951234678234678951678951234
512346789346789512789512346467895123895123467123467895951234678678951234234678951
512346789346789512789512346467895123123467895895123467234678951678951234951234678
512346789346789512789512346467895123123467895895123467234678951951234678678951234
512346789346789512789512346467895123123467895895123467678951234234678951951234678
512346789346789512789512346467895123123467895895123467678951234951234678234678951
512346789346789512789512346467895123123467895895123467951234678234678951678951234
512346789346789512789512346467895123123467895895123467951234678678951234234678951
512346789346789512789512346895123467467895123123467895234678951678951234951234678
512346789346789512789512346895123467467895123123467895234678951951234678678951234
512346789346789512789512346895123467467895123123467895678951234234678951951234678
512346789346789512789512346895123467467895123123467895678951234951234678234678951
512346789346789512789512346895123467467895123123467895951234678234678951678951234
512346789346789512789512346895123467467895123123467895951234678678951234234678951
512346789346789512789512346895123467123467895467895123234678951678951234951234678
512346789346789512789512346895123467123467895467895123234678951951234678678951234
512346789346789512789512346895123467123467895467895123678951234234678951951234678
512346789346789512789512346895123467123467895467895123678951234951234678234678951
512346789346789512789512346895123467123467895467895123951234678234678951678951234
512346789346789512789512346895123467123467895467895123951234678678951234234678951
512346789346789512789512346123467895467895123895123467234678951678951234951234678
512346789346789512789512346123467895467895123895123467234678951951234678678951234
512346789346789512789512346123467895467895123895123467678951234234678951951234678
512346789346789512789512346123467895467895123895123467678951234951234678234678951
512346789346789512789512346123467895467895123895123467951234678234678951678951234
512346789346789512789512346123467895467895123895123467951234678678951234234678951
512346789346789512789512346123467895895123467467895123234678951678951234951234678
512346789346789512789512346123467895895123467467895123234678951951234678678951234
512346789346789512789512346123467895895123467467895123678951234234678951951234678
512346789346789512789512346123467895895123467467895123678951234951234678234678951
512346789346789512789512346123467895895123467467895123951234678234678951678951234
512346789346789512789512346123467895895123467467895123951234678678951234234678951
512346789346789512789512346467895123895123467123467895234678951678951234951234678
512346789346789512789512346467895123895123467123467895234678951951234678678951234
512346789346789512789512346467895123895123467123467895678951234234678951951234678
512346789346789512789512346467895123895123467123467895678951234951234678234678951
512346789346789512789512346467895123895123467123467895951234678234678951678951234
512346789346789512789512346467895123895123467123467895951234678678951234234678951
512346789346789512789512346467895123123467895895123467234678951678951234951234678
512346789346789512789512346467895123123467895895123467234678951951234678678951234
512346789346789512789512346467895123123467895895123467678951234234678951951234678
512346789346789512789512346467895123123467895895123467678951234951234678234678951
512346789346789512789512346467895123123467895895123467951234678234678951678951234
512346789346789512789512346467895123123467895895123467951234678678951234234678951
512346789346789512789512346895123467467895123123467895234678951678951234951234678
512346789346789512789512346895123467467895123123467895234678951951234678678951234
512346789346789512789512346895123467467895123123467895678951234234678951951234678
512346789346789512789512346895123467467895123123467895678951234951234678234678951
512346789346789512789512346895123467467895123123467895951234678234678951678951234
512346789346789512789512346895123467467895123123467895951234678678951234234678951
512346789346789512789512346895123467123467895467895123234678951678951234951234678
512346789346789512789512346895123467123467895467895123234678951951234678678951234
512346789346789512789512346895123467123467895467895123678951234234678951951234678
512346789346789512789512346895123467123467895467895123678951234951234678234678951
512346789346789512789512346895123467123467895467895123951234678234678951678951234
512346789346789512789512346895123467123467895467895123951234678678951234234678951
512346789346789512789512346123467895467895123895123467234678951678951234951234678
512346789346789512789512346123467895467895123895123467234678951951234678678951234
512346789346789512789512346123467895467895123895123467678951234234678951951234678
512346789346789512789512346123467895467895123895123467678951234951234678234678951
512346789346789512789512346123467895467895123895123467951234678234678951678951234
512346789346789512789512346123467895467895123895123467951234678678951234234678951
512346789346789512789512346123467895895123467467895123234678951678951234951234678
512346789346789512789512346123467895895123467467895123234678951951234678678951234
512346789346789512789512346123467895895123467467895123678951234234678951951234678
512346789346789512789512346123467895895123467467895123678951234951234678234678951
512346789346789512789512346123467895895123467467895123951234678234678951678951234
512346789346789512789512346123467895895123467467895123951234678678951234234678951
512346789346789512789512346467895123895123467123467895234678951678951234951234678
512346789346789512789512346467895123895123467123467895234678951951234678678951234
512346789346789512789512346467895123895123467123467895678951234234678951951234678
512346789346789512789512346467895123895123467123467895678951234951234678234678951
512346789346789512789512346467895123895123467123467895951234678234678951678951234
512346789346789512789512346467895123895123467123467895951234678678951234234678951
512346789346789512789512346467895123123467895895123467234678951678951234951234678
512346789346789512789512346467895123123467895895123467234678951951234678678951234
512346789346789512789512346467895123123467895895123467678951234234678951951234678
512346789346789512789512346467895123123467895895123467678951234951234678234678951
512346789346789512789512346467895123123467895895123467951234678234678951678951234
512346789346789512789512346467895123123467895895123467951234678678951234234678951
512346789346789512789512346895123467467895123123467895234678951678951234951234678
512346789346789512789512346895123467467895123123467895234678951951234678678951234
512346789346789512789512346895123467467895123123467895678951234234678951951234678
512346789346789512789512346895123467467895123123467895678951234951234678234678951
512346789346789512789512346895123467467895123123467895951234678234678951678951234
512346789346789512789512346895123467467895123123467895951234678678951234234678951
512346789346789512789512346895123467123467895467895123234678951678951234951234678
512346789346789512789512346895123467123467895467895123234678951951234678678951234
512346789346789512789512346895123467123467895467895123678951234234678951951234678
512346789346789512789512346895123467123467895467895123678951234951234678234678951
512346789346789512789512346895123467123467895467895123951234678234678951678951234
512346789346789512789512346895123467123467895467895123951234678678951234234678951
512346789346789512789512346123467895467895123895123467234678951678951234951234678
512346789346789512789512346123467895467895123895123467234678951951234678678951234
512346789346789512789512346123467895467895123895123467678951234234678951951234678
512346789346789512789512346123467895467895123895123467678951234951234678234678951
512346789346789512789512346123467895467895123895123467951234678234678951678951234
512346789346789512789512346123467895467895123895123467951234678678951234234678951
512346789346789512789512346123467895895123467467895123234678951678951234951234678
512346789346789512789512346123467895895123467467895123234678951951234678678951234
512346789346789512789512346123467895895123467467895123678951234234678951951234678
512346789346789512789512346123467895895123467467895123678951234951234678234678951
512346789346789512789512346123467895895123467467895123951234678234678951678951234
512346789346789512789512346123467895895123467467895123951234678678951234234678951
512346789346789512789512346467895123895123467123467895234678951678951234951234678
512346789346789512789512346467895123895123467123467895234678951951234678678951234
512346789346789512789512346467895123895123467123467895678951234234678951951234678
512346789346789512789512346467895123895123467123467895678951234951234678234678951
512346789346789512789512346467895123895123467123467895951234678234678951678951234
512346789346789512789512346467895123895123467123467895951234678678951234234678951
512346789346789512789512346467895123123467895895123467234678951678951234951234678
512346789346789512789512346467895123123467895895123467234678951951234678678951234
512346789346789512789512346467895123123467895895123467678951234234678951951234678
512346789346789512789512346467895123123467895895123467678951234951234678234678951
512346789346789512789512346467895123123467895895123467951234678234678951678951234
512346789346789512789512346467895123123467895895123467951234678678951234234678951
512346789346789512789512346895123467467895123123467895234678951678951234951234678
512346789346789512789512346895123467467895123123467895234678951951234678678951234
512346789346789512789512346895123467467895123123467895678951234234678951951234678
512346789346789512789512346895123467467895123123467895678951234951234678234678951
512346789346789512789512346895123467467895123123467895951234678234678951678951234
512346789346789512789512346895123467467895123123467895951234678678951234234678951
512346789346789512789512346895123467123467895467895123234678951678951234951234678
512346789346789512789512346895123467123467895467895123234678951951234678678951234
512346789346789512789512346895123467123467895467895123678951234234678951951234678
512346789346789512789512346895123467123467895467895123678951234951234678234678951
512346789346789512789512346895123467123467895467895123951234678234678951678951234
512346789346789512789512346895123467123467895467895123951234678678951234234678951
512346789346789512789512346123467895467895123895123467234678951678951234951234678
512346789346789512789512346123467895467895123895123467234678951951234678678951234
512346789346789512789512346123467895467895123895123467678951234234678951951234678
512346789346789512789512346123467895467895123895123467678951234951234678234678951
512346789346789512789512346123467895467895123895123467951234678234678951678951234
512346789346789512789512346123467895467895123895123467951234678678951234234678951
512346789346789512789512346123467895895123467467895123234678951678951234951234678
512346789346789512789512346123467895895123467467895123234678951951234678678951234
512346789346789512789512346123467895895123467467895123678951234234678951951234678
512346789346789512789512346123467895895123467467895123678951234951234678234678951
512346789346789512789512346123467895895123467467895123951234678234678951678951234
512346789346789512789512346123467895895123467467895123951234678678951234234678951
512346789346789512789512346467895123895123467123467895234678951678951234951234678
512346789346789512789512346467895123895123467123467895234678951951234678678951234
512346789346789512789512346467895123895123467123467895678951234234678951951234678
512346789346789512789512346467895123895123467123467895678951234951234678234678951
512346789346789512789512346467895123895123467123467895951234678234678951678951234
512346789346789512789512346467895123895123467123467895951234678678951234234678951
512346789346789512789512346467895123123467895895123467234678951678951234951234678
512346789346789512789512346467895123123467895895123467234678951951234678678951234
512346789346789512789512346467895123123467895895123467678951234234678951951234678
512346789346789512789512346467895123123467895895123467678951234951234678234678951
512346789346789512789512346467895123123467895895123467951234678234678951678951234
512346789346789512789512346467895123123467895895123467951234678678951234234678951
512346789346789512789512346895123467467895123123467895234678951678951234951234678
512346789346789512789512346895123467467895123123467895234678951951234678678951234
512346789346789512789512346895123467467895123123467895678951234234678951951234678
512346789346789512789512346895123467467895123123467895678951234951234678234678951
512346789346789512789512346895123467467895123123467895951234678234678951678951234
512346789346789512789512346895123467467895123123467895951234678678951234234678951
512346789346789512789512346895123467123467895467895123234678951678951234951234678
512346789346789512789512346895123467123467895467895123234678951951234678678951234
512346789346789512789512346895123467123467895467895123678951234234678951951234678
512346789346789512789512346895123467123467895467895123678951234951234678234678951
512346789346789512789512346895123467123467895467895123951234678234678951678951234
512346789346789512789512346895123467123467895467895123951234678678951234234678951
512346789346789512789512346123467895467895123895123467234678951678951234951234678
512346789346789512789512346123467895467895123895123467234678951951234678678951234
512346789346789512789512346123467895467895123895123467678951234234678951951234678
512346789346789512789512346123467895467895123895123467678951234951234678234678951
512346789346789512789512346123467895467895123895123467951234678234678951678951234
512346789346789512789512346123467895467895123895123467951234678678951234234678951
512346789346789512789512346123467895895123467467895123234678951678951234951234678
512346789346789512789512346123467895895123467467895123234678951951234678678951234
512346789346789512789512346123467895895123467467895123678951234234678951951234678
512346789346789512789512346123467895895123467467895123678951234951234678234678951
512346789346789512789512346123467895895123467467895123951234678234678951678951234
512346789346789512789512346123467895895123467467895123951234678678951234234678951
512346789346789512789512346467895123895123467123467895234678951678951234951234678
512346789346789512789512346467895123895123467123467895234678951951234678678951234
512346789346789512789512346467895123895123467123467895678951234234678951951234678
512346789346789512789512346467895123895123467123467895678951234951234678234678951
512346789346789512789512346467895123895123467123467895951234678234678951678951234
512346789346789512789512346467895123895123467123467895951234678678951234234678951
512346789346789512789512346467895123123467895895123467234678951678951234951234678
512346789346789512789512346467895123123467895895123467234678951951234678678951234
512346789346789512789512346467895123123467895895123467678951234234678951951234678
512346789346789512789512346467895123123467895895123467678951234951234678234678951
512346789346789512789512346467895123123467895895123467951234678234678951678951234
512346789346789512789512346467895123123467895895123467951234678678951234234678951
512346789346789512789512346895123467467895123123467895234678951678951234951234678
512346789346789512789512346895123467467895123123467895234678951951234678678951234
512346789346789512789512346895123467467895123123467895678951234234678951951234678
512346789346789512789512346895123467467895123123467895678951234951234678234678951
512346789346789512789512346895123467467895123123467895951234678234678951678951234
512346789346789512789512346895123467467895123123467895951234678678951234234678951
512346789346789512789512346895123467123467895467895123234678951678951234951234678
512346789346789512789512346895123467123467895467895123234678951951234678678951234
512346789346789512789512346895123467123467895467895123678951234234678951951234678
512346789346789512789512346895123467123467895467895123678951234951234678234678951
512346789346789512789512346895123467123467895467895123951234678234678951678951234
512346789346789512789512346895123467123467895467895123951234678678951234234678951
512346789346789512789512346123467895467895123895123467234678951678951234951234678
512346789346789512789512346123467895467895123895123467234678951951234678678951234
512346789346789512789512346123467895467895123895123467678951234234678951951234678
512346789346789512789512346123467895467895123895123467678951234951234678234678951
512346789346789512789512346123467895467895123895123467951234678234678951678951234
512346789346789512789512346123467895467895123895123467951234678678951234234678951
512346789346789512789512346123467895895123467467895123234678951678951234951234678
512346789346789512789512346123467895895123467467895123234678951951234678678951234
512346789346789512789512346123467895895123467467895123678951234234678951951234678
512346789346789512789512346123467895895123467467895123678951234951234678234678951
512346789346789512789512346123467895895123467467895123951234678234678951678951234
512346789346789512789512346123467895895123467467895123951234678678951234234678951
512346789346789512789512346467895123895123467123467895234678951678951234951234678
512346789346789512789512346467895123895123467123467895234678951951234678678951234
512346789346789512789512346467895123895123467123467895678951234234678951951234678
512346789346789512789512346467895123895123467123467895678951234951234678234678951
512346789346789512789512346467895123895123467123467895951234678234678951678951234
512346789346789512789512346467895123895123467123467895951234678678951234234678951
512346789346789512789512346467895123123467895895123467234678951678951234951234678
512346789346789512789512346467895123123467895895123467234678951951234678678951234
512346789346789512789512346467895123123467895895123467678951234234678951951234678
512346789346789512789512346467895123123467895895123467678951234951234678234678951
512346789346789512789512346467895123123467895895123467951234678234678951678951234
512346789346789512789512346467895123123467895895123467951234678678951234234678951
512346789346789512789512346895123467467895123123467895234678951678951234951234678
512346789346789512789512346895123467467895123123467895234678951951234678678951234
512346789346789512789512346895123467467895123123467895678951234234678951951234678
512346789346789512789512346895123467467895123123467895678951234951234678234678951
