010040780046080512080512006123400005460895023000123400200078000678951200001034078
512000009346089510000512346120400090467005020000020067000600950901230670678901034
012040700006080012089012040000060805460095023000120407078001034000078001951030000
012006709040000012789500346003067095407095023890120067070051230050034070004600951
512306000000700502709512340103007000067090123800120467950230678204678051608051200
502000789046080510009510000120067005400000003890103467901204608078901204004070900
510040700306080500789012040123460090005023467407805000234678950608951030901030608
510046000046009510000000000103007000800103407067095123230008900950234608678000204
012340780006709012089002046023467805890120460460000003000901234000070050950030608
512300080306009502089002046123007005805000067000800120678000230050234670004070001
512000780046009010009012340003000890805003000067005023050234070204000950678901034
002040700040080510089502346120067005805020460060000120051230600000950234004070950
512006789040789502789500300460005023805103007023407095030678950678001234900000000
500006089340709010780502340460800020095020400120400890204670001900004678608950034
510346009306709512080010000000095020095003407123460805670951230034000050051204000
502346080046080510009000300400800103000120007020460095070051234000200608004600901
512306009300789500089010306067095103005020467100400000901200000030600901008900234
012046009340009500700510346067890100895103460103060890950230070008000234204008000
510040709006089512780002300400005123100460800095100400000078050608051234900030670
510340080340780512780500040467005123120407800090023407004000050950234678670951200
010000709306709510009502046060800120123400000090023407670950234230000001901200000
500040089040700500080012040407800003000460005895023067070901004900230678204608051
512306089000080012789000306400895123120460000895003060951234070230070001608051030
500300000006080500700010046400890100120067805090123407051230070678950034200600000
002040089300080500089502306805023467460805123020460005230008900078901200001234608
510306000340080502089502000000103467400890000003407805034008901050230678678900230
012046080340709502080502300005120007467805003123407090678950204204678050950204008
500006780306080502709512306895100467060805003103007095608050000051034000034070000
512040000046789012089502340800120000407890123023400800050000070234678951008901234
510040780040780512789010040805023460000095000020000895901230608078901000204600051
012046709340089500080002300005003460120007095467805123030070001678950000950200078
002306080040789002000012040005103060103467090067805123204008000950234000678050234
012006780046780512780010046095020467103467890000005003078001204034670900000230078
502300080346080500700512340895120467100460000407095123070951204051234070030070901
010306089300000512709500300095003400120067000467895023900230070234070000678900234
012040709000009502000512046800003467123400005467805100051204008670900230234670051
002040789300009502780512340100007090400000120800100407234070951078950004000004600
510340009340780500089010300000007805467895120895003460234600901050004678678900000
500000700340709012000502346103067800407095020090000007078901004034600951900200070
012306089300789002780502300120400090060090020805023467670050234050030608234608051
502306089000780500789512306103460090060095123005023060051200000230078900000901004
002346780300789010089000000023467805060090000895020467001000008600950000234678001
502046789340080010009000040123467895095000467007890003204078900000051200951034078
012040709300000512780510046103400800095003000067090120034678001951034000608001230
502306000046089512089502340020460090090003000467005103000051230004608901951030070
010340700346009010709012306023407890095020460407090100608951230950004000230678951
502000080340789512700010046123400005000023007460805100001200670230000951078901200
510340089340780000780012346000407805005123460067000123001230078678051230204070901
012000089040700502089000040060805123095000460100460890234670001008050000051230678
500300080300709510789510340067800023805120400120407890204070051900004678670951034
010300709000780510089500340400090003005000007103007800678951204230600951900234600
012040700006780002700012000467890020005023400103067090000901234900034008004078050
510306700046089510009000306407095000800003460103460805050230000034078901608900034
010006080340089002780010340460005020000003467003060890051230600078901030204608051
512046709006089012089012346400895123003007000895103000230600951008051004950000608
002340700006789510789000306407890103003067805895023400004678001901034000008900230
502040089046709510709000000067890103100067800095103400678950004230608051050204000
502340080306789510700012340060890100103460000095103007008051004001030600034008051
000340789006089510789012340067890120003007805890023407950000000030678000008000234
502346780006009510089510040060005100000460895890020067051230678678051234030078050
000046789340780000780012040095023060007090003103000095030000901600050030050234078
502346700300700510080002040000103407060000123123407800204608901901204078008951200
502040700340089500000510346090023067000005003003060090078001004034070051051204670
502006789340780500009510346095103000067895103023460800678950030001030600234600950
510000080046789000700012300895003407000800003120460805001000678030608050008001204
010006080300789510700510306895023007000805103103460095951230608008900204034078050
512340009300709000700002046005003067100460800007805120004678901608000004950034070
000346009340709010709500040805123460120060090400805000030600001950030078070901030
502306709000709010080002000895103060000007890407095003678000230200670901051204070
000046089340089500709012046890000407023407090067895103070051034951030070004608901
512340080306000510700500346800000400020467890000895020901230078004070951070950000
512300789040709500789500040890003400023007095060090123050234678000951004030000950
010340000040009000709510306120460090007090003805120407230600901008951030001204608
502046780000000002009502340103407805060005120805123460234670901950200670608050204
512046700006789010780010346023460005467890123000100067070951000004008950901204008
002346789006789000780002300100460000460000020095023460678051000950200608200670951
502340700046000002789510340020460895407095120095003060051034078200670950608950034
502040789006089010700012000000407890007890023090020467950000608608951000200670951
012346700340080012709010000023467090800100007467895100230008001000001000951234000
502300700000789512700502300100460005090023467400895103034670051900004008600050204
502040780006709010709002346123460805890023407407005023000951030200600050000234678
002346709300700000000510300103060005895123467460005003600900234900230070200008900
512306700046700502080000340023067895895100067000895103901000078234600950070951230
010340089040780502780500046023407090090000467460890003950230670678900230034678051
502006080346009510780002340407890023890103407000407895230070951008950204951200670
512306709000009012789010040067000020090003007003400805200070051900234000670000234
512046089040780000700012306007800120890100407120467000670000200030670901000234678
510046009046080012089502340400095120890020467023400000678900030950000600030678051
510046000046700002080010046000095123005100060020407090950204078034008000670050230
500300709346080512700010340060890123805100460120007800051034678070050004230608000
012040700000789502089000006060095020023400800095120007230008950078901004051034008
500306780306080010709000346000090023100467090895003067004000051950234608600951230
500000000046789010009512046460800123003467005890003067670951200000600050950030070
010300009300789510700002306400000123123460090800023060670950234050230000034078050
002340700040080510080010340060095103020460805095123467950030008230008901608900230
500006089300080012080010000467895020000400805890023400001234608600900030034000951
510340700300089500009002046005020000407800120003407090204600050678000200050230678
500300000046089002089000046095100067007095020120000895204070900050200608008051034
500346780000000010780510346890003460407805000100067005078001030204678950001034078
502300080046009512080010046890123460400000023100067895600050234950230078030000901
000046709346700500789512000005003460007805000103007890000004678004078900600900030
502000789306089502700512040890023460460800103100067000050034608078000000234070051
010046089346780002080012340890120007020000895407095100234678050078001230950030678
512040700000089002789010346895020467003460800407000120200670901901034600008900234
510300000000080512009510306800023407103400895060005003600901230230078950901000600
012306709046009010709510340005103407123460000400890103000950230950030670000078901
500046789306000012780512300895100060003067805007005003900204070204000950678951234
012040780300709512000512340895023067023060890460095103000204000078050234234078901
510000780300700000089510306103460090007095123890003000004008000008950234951000600
512040089300080502709512306100400095067805023800123460230608050950030670000951000
500300089040009010700500046023007890400895000895123407608051030030000000051230000
012046080006000512780512006100060890000890103800020000670950200000004608000078951
010006789340709510080002006000400095067800120000003407050000670030678900608051200
500040009006089512789012340123460005400095123005000467950230600678050234230670900
012340009000000000709512300100467895095100460000095023230000950000051034950034078
512006709300789010080510346123467000895000067060090020204670901900230608070951234
502306009340789502789012040003007895090103000467005023670901234204608000900034608
512040709046080000089010340020460090890020007067805103078051034001004070234008050
500300089346789012780000040003067095895023007000005123901200670034078900600900004
002346789346089000700502046120067095895003067007095103000234008608051000034000051
512300000040700502000502346460800020805120467020407800234008900008901230950034078
012006789046709002780512006060895120895100067100407895234600051050230070070000230
510046000300780010709500340000890023890100460003460005678001234200078950001004600
002040789046080510709512000467095023095023067120407090670050034901000078000070000
010306700340000510789512046067805003095123400120460895001000600000678951008951234
500300789300089510789512340460800123800100460100400000001034070678950034004670951
502340780306709012009500300407805023020467090805020067234000951000901230901200608
010046080006089502789012040067805023003407005005023060034600001901204600000951030
012300709006700012789510046400090020003407090895000067608000230000608051001234600
012300780006089510000510040400895123000067095090003400608051234900004008204678050
002340700306789512080010346460005023120007895095000000950034678204678950008900034
012346789346700500009012346060890020120467005000023467950034678070901204030070900
502340089346780510009000340890020460067805003023407800004000900008901230001000070
002006080000789010009512046095003467060095100100067005234600900051230608078051230
012046789040089500789010040805023467007005023103467005008900234004008951900034600
500340700040789012789010300890023060400000123103460805600051004950204670200600950
512300009046780002009502346095023407460005003000467895950200670030678900078950230
010040709306089012780002306805120460407095123103400090901034608078901204004070900
502300089006780000089512340090123407103060895460890100204678051608951234001004000
500340080040089512789012046800123060123067000067805100000600051951234000608050234
512006089340089010709512300005120007003067805467005103070901204004070950001234008
012040000340789502000010340890120060103407800007890023670000234001030608230678900
500306700040700512709500340890103407103460805407090023051004608200608900070951000
510306709340000010709010000005003407023060090467090023951000078000901004004670051
000300789046780010089500000103060090467095120005003467234078900000950230900204608
012340000046000502709500306120467800067890123895003467004070900051234070678001230
510306089000009510709012300000460800467095020895123000608901230000008000900200078
510000080300700512080000340023460890460805100095000067600000034051234600204008051
502046080046789502789000346020467095467805020805120067900200600034600951000900204
502300089040709012080500340103407890467090023000120067901030000678000030230078951
512340709006080502780510340100460005000000467460895003000608050070951230951230608
512046789040080502009012046000467890090020407060090003200608950950234600078050200
510340709046009002089012300003460005095103000400895120670050030034608050051000678
510040080300009510780502040020007095895020060067890020670951034951200008030070001
510006709300009500009010340120407005805120460460890003951030000030670951670050230
012040789346089510709512040103007095090120407007800100951034600600900034030608001
002346700006009510709000340067095003805000060103407000234008901078051004051004600
502306709346089510709002040060005100895103007120067805230670001050004078008950204
502306000306089500009010046060890000000100000023460895678050030234078000000230608
500300700000080502080010340067090023800100067100067890000000004951034000234678951
002300709040700000089502340067090023095103467020467890051034678000008051678950030
000346780346000010709502006060805100090003067100000800050234600608900034030608050
010300780346709502789010000400805103003067095890100007200008001608901004950234078
502046780046080502789510300400805103020460095805023000030078901901034008078901234
512346009000780512789000040007895123123467800800000460608001004000670050000230070
002346000040089002789502346400090103123407005805103007608000030951234070000070001
510040000006780012780000006400805120023400005000120407051030670234670050000950030
000340709006700012080510006400805023000460090890003007001030078070051004234670951
512006700306709500700012340805000407460005120023067000000000901670900004951204070
510306700046080002789510346095023407007095103100407890000670001901230078608001234
010046080006709010089510046890100460400895003000007895600000200230608001951234078
012006789000700002780502300895103007400095120023400800670951200050030078204600950
000306709340700502009002340800120067467800003023467800051030678204078001000001234
512046080046700010780012046005123467400095020023067095900004608078900000234608951
000346009300009510789010300895023007000400805400805003204000050670950234950230078
502040780340089002780002306805000400003060805400095123000670900900000070678900034
512346709340089502780002346890123007020007890000095100078051004200070951951004078
512306080000709512009000046000120407003060090007800003600901030950034070204008951
012000780306789502709502006005103400103407005460095023000234670034608901078901030
010340700040709010789000046895120060120000890000805100901204608670000034030608901
502346080346089502700000046020400005467090123095023407200600900670951204001204608
012306709040080510080002300100000805007805000895023067030608001050204678078901230
002000089040700002709012046123060805467800020000120400078000030234670050051200600
502040780340009010789012040003067890407805120895023007678951034001034000204008950
510006089306080012009512046003467800467805123890120000900030078034000901078951204
000046789346000510789012040000067895067800100890100400051230078008001004230600001
012006789340080500009500046123407800890023467407890023230608051600901234950000600
510340089300700500789512046023407800090020067067090020200670001900034678678900234
500000009040009002780012306023460005095023467467800120608951030234600950901230070
010346080340089502780502346103407895890123060407005123078001204050034608000070001
012346789306080510709510046023067095090100460007805100001034678204078000608900230
502300000306780512000012306023000000090023407060090123951000678000901004034608001
510046089006080002709012306407805000800103000020060005200070000078001234900204670
010046009346089500789512046067090003005100460103000005004000951001234070670001034
010346789306009002700000000400895103805103000003460895608050004004608901950030678
010040709046000502700012300407095120890003060100400095608950230000034678200608901
500046780346080510789010306400095000800103007000467090001000008004678901000050234
012000700000780510709000306400895100000123000120000800950030608078900200204678901
512300780340780010080510340067095120003407000890100400000008901000950000901030608
012346089046709012700500346460090103020467890000003467234078900951030600070900234
002046009046789012009012346467895003003067895895023467000001200000608901001204078
012000700046080510780510340407890023120060895000120007608951200900230600230670000
012306080340700502780512046400805103120400095095023060950204008000008900600901234
010306709300089010789012346460890003123007095005023407950000070078900200230078950
010040009006709002709512006805020460460890020103067895034678051078001200900230000
002300789306780010700502006800123467000805100023060890230078900050234000000950030
512306009046089002009002046890003407067800120120467890000000004234608950951204678
510346009006080500780500300095023407467005103020060090678901004000034678034670051
500306780040000500789512046095120407400095000020007895900204000030070000008950200
012000780340709002709012000800100400060000120003067005901234078678001030030008951
010046009306009002780012046805120407120460000400000123230670051670051030900000600
510006080006080512080500346005103060003067890000000103004008901901230670600001034
010306080006000002089012300095100460023007800007805023070001000204070901001234678
012300789306089002780512046090020467103060005467800123000001030901230678034600901
512046000040009012709000040800003460023007895407005023950004600200078950078000204
512340789006009512000512000095003000123467805400800120000230678008900034234078001
002346780340009002080012006023067800060090103895120067230608901600900230950200000
500306789300709512789500040003467890467890020095120400030078001950200608078900200
510340780340780010709510040000467005407890120005020407670901234034678900901200678
500300709306789000080510306023467090407095120800003467070051234901000600230008051
010006780340780510080010006000007800400095120890003467051000608230670950078950030
012046789340089502089010006123067805067805003805023400900230670070900204234070050
500306780300709510700012046123467895805023060007805103000070900678001034050234678
010300089046700512789000306020460095000020007400005100230600000051030678070951204
002040700046089510000010040000407890000103067007805123670951000200008901900230670
512000700046709002700502346003060800095120400007095123608901204900030000234070950
512046780300009012009500340120467005800023407000890120901004600230000901000951034
002006700340700002709010340100067895895020060060095020900234670608050000030078900
510046780300000012709510000467800003000100067123060095234670901608951200000034608
002046780006000000009512340460000120005123060023467805230600001950234070078951204
510000700340780010009002306060895000005120460023400890670051030004678950051004670
512346789300009012080000300467095003895000467003467890608001234951200008204608000
512306780046089012700502006407005123005120060123400890051000000234608001070950204
510006700306789010709012300000805120890103400103467090901200608678050234004670000
500006089046089510089512000467090103020407895090000407204600000670901234951200670
512340789006789002700502000067895003120407005895023407034600000001230008000001004
002000709340709000009012006467800003100460895000103007008951200234600900901030078
510006080346780500700000006060805003000007800805123060600051034051200678034670050
000340089006709510789002000407805023023467000895100460001034000234070901008950034
500300780040000012709510306060090123023400005890103000950030678008001030004608050
012306780340700010080012040805023407000895003103060890230078001608950000051004070
500040700346789000709000006890120467460090100003460000034600001000234670078051000
510300709040709502089010040005000000400095100103060890600000230200608901951234608
010340080306080512780010006000100460000095103103060890608950230000004608000078001
512346789346080002080500340095020400067895103003400095051200608234608900600051034
510006080040080012780500300890123000067005023100060095951234600070001200034078950
500040089346789012789502046090003407100067005467805023034000951608901000001004678
502306780340700510089012046890023407120060800460005103230078901050034600608951230
002046789346089002789500306895123460103000800007000023608901200200070900051004608
002006700006009500789510040890123067003007890467800023000051030001030600030608951
012046789046000512089002040895103407020467090000800003950204070200008050678051034
002346780340700000080502006890100007023400095067090000901204678008001004234000901
510006709046089510009500346100007890407805023895103060004670051608051230900200000
010046009046700012780512000123007800407895020800120060234600901951030670008051234
012006700346089002089012306120460800060090020095003460678951034230008050050204000
002346700046000012080502340103067090060800103895123067000900034950034078000678050
500046089046700502009002300020400000400895123890100460950004008204678900600950204
500046789340709502000500340120460890000800000895120060951034000608901234204670951
510306789046789010000000346123067890090103060007005023234678001000951234001030000
002046089346700010700510346023400000090120067460805123230078901051034008678900204
500340009040700512709502006000407005800020460460095100678900034204000001901004078
000300700346700510089502346003007090000020460467800120670051030051200008000600050
010340080006780502700502300023460805890100060460090003901200070230678051678050004
012046780346789512089010046000060890005020060067895000950230008670950034234008951
510006009006089512089502000467005023000103407020067005000670950608901230001034670
500006780040080510789512340460095020095003067000400895230670000000004608678000034
002340080340089510080002046467895103805023067003407895000000034234678900951030078
500346780040700510000010040060000003890003460023407095600051230901004070234008900
510000700306080010709510046467805003095023000020400000901234070234070051008901204
500040780000709012089012006407805123890103060023000005900004008008051004234078050
502046089346009502709012006000000103103460090895123000234608901000901000001030608
002340009040009010009510300007805120123007805805023407204078000951204608600001234
010000089306080510789512340000095020123467095805000067670950204234600000051034608
002340089306080002009010306007005023123060800890120400070001234051000670200608901
012000709340700002780012046060805103020467805805000407050030678230008900608901204
512040089006780512780502306460890103000000800890123067051200008008900234000600050
500040780006709010080012046890100407067005100120467890030600900070950230951030600
510340089340789512780012040090020460467090100123407005234670000001200000078051030
010046000040089500009510046090123400007095023100067800008001034234678950950204070
012040089000789012789002346800003007467090003023067800008950030901004070034078050
012006089306009012789012340090000467067890100023467800050234600004078000678051234
500346780006000502700010046000103007460890003123400895001030608070951200234678900
500340000306000500780510346890100060103467895460800003034670950078951204951034600
010340789340080002789510006890103460023460005060805020004078951051200008678951204
510346709306789010700500306890100467003060005060090120008000204200670901951000670
510046080340009500700502346000023060120060805000090120608950034001030608000678051
500346009346709510780500340805003400100407890000800123001034008034670901078951030
510346709346000012080510006000120467103067800000800100001204008678050234204678950
510006000340780002789510046103400800007095023895103067230078950000050234900030600
510006780300009510709510040103007890060895123800120007230608950950000078608900200
010306789046709512089500006103067005067805023005003407070051234004008051050204000
012340780046000000089502346023467895000890020895020007608050234000204608034600050
500340709040789010789502300123467095007090023095020067951230670034600900070900204
510306080306789512009010306120467800467000120005020467051004078608901204230070000
502300709340009510009502300003007090000123067400890020030000900678950034900230600
012340700000789012780510306023007805005003467460090100230000001900004678078900234
012306780340789512780000040120007095090003460460805123078901000200678951950030670
012340780006780010709002046100000895000123460007890120608901004001234078004070951
512340700346700502080512306003407805805103407000890103051000070230008951070001000
010006009306789512089012306103400095005103400060890123900230678678951030034070050
502046789346009502700012046060890103000103400103400890234078900670901230050200678
002006009046789010709000006467005120090103007123407095004670951950234608678001200
512306009300700510009010346007005000805023060103460895008900234230000000950234670
500340000346080500080002346407090123095120460023407805000050234000204078230678901
502340780000009502789012300000805103095023007103060090900030078004600050678000034
510300009340000012700512306407095000095103007100467005001034600678901230000078951
500340089340089002709500306460890000103400895805003000234670001608050030000234678
502046089300009512000500300467895103103467090005003060234070050900234670600900034
012040709346089002089510346067805023103467005800003467608901030030000900051234608
010046089306080510709002000407800003123060895095003060670050230900034608234678051
000046780346700502789000306067895103100400800895103400951034078200078000600051204
510300000340089510009012000000800023000460090895103067901004600670900200234070950
012340789306080512709500040805020067067895023000067805200600001608950234951030600
502000789306789010089012340095123467460800100003067095230678951001230070008000204
012346709040789512089010000895023460000895103020400090008051030230008000000230678
000000780046780012709510346805003460400095120120460095008000230051034600034678951
512346700300700512789010046000023007467895103020460005001004678230678900678900004
000040000346780000709012046895000060407805100103007005950000608608950234234000900
502346709300009010789512006090120000123007005407805123234600050008051030000234600
510040009340709502009010340895120060100400800400895023034600901900200008678951030
502300780346709010080510346895023060003000800067800100000001204234070000000230670
000040700046709002780510040890120060103460805060890120670051000901004678200608051
002006700340009012700510300805123067020400000007895103901034608004000900078001034
010000089040780012709510340090020000020067895460090103000234678608900000230078901
010340080300089512789502306003467090007000020005003007230608051600051030050034608
012306009340709502789512306020467095060000120005003467000670050051004078678901230
500306089000709000700502346100060000460095000805023007078951030200678051950030600
510006700346000512080002300120460090467005003005003467600950034000204078030070050
002000009000009510700500306020467800407005123800003067901204600204608900670001030
510306709340089012089010040120400090460800103890020407000200608078950204234678000
010000789306789000700510000020060090095100067407895023030078901070000230000234600
000000709006780012709512306023060090890003460000090120230600001051234678678900234
510346009040700000780510340003000000895023067007000103008951230000608900001034008
012346709000700012709010046120007890095023467460895103078000030951200670034070950
002046789346780500780502000020067005890000060067805003900230608030608951670951004
500340089040789512789002046123400800090123007400095123901200670008001204034670051
012000000046789500780502306467805103805103007100060095004078950600901034901000608
500300000300789012780512340060890123090103000123067090000600950900004600670950030
010300009306709002709510046007805023895103007120460895078001204030078051051034008
500006089340780000709002000407000023890100400120060800600001204901234608004078050
010346780306080500080012346007800103000103400103407805950234078004008050670900234
500346080040780510709000040400090120890023467123067800000034078008950204234670900
502340709046700502080002340067805000003000095005120467004000051670001004950034670
512040089040709012089002346407805100020060005800100460034678051900204078078900034
012006709046789000789512340060095100020467000000023407000951234200078000951030078
500340709046780510780012340007895103003460805000000000670951200050004078200678000
000306089306089012709502340067890003000067895895023460051030670004670901070951004
502306780040789012080010000407890023100067895095103000050004670608001034030070050
502340709000700000009502306895003067060800120020067095000600950600951004051030600
512046709046789502700500006800103060000805100123007005004670051951230600078900000
010000700046780510080500306805120407060000003120067095670901030030000951951000678
500300089340780500009000006095023467000890003120060890600901204951234000204008050
010300009046700002789512040000103007460895103020007895051234670034008050008900234
512000700300780500089500040805023007067095120123460005950234678070900004204008051
502046700300780502080012306895000000000407800007890120204608051008950004000034078
012040789040789510089012040805023467120407800407000003034678951950000000608901230
512006700340009012780000046890003000000467095460005003000050230234678050050234078
512046789040789010009002346095003407100407890467000123600001004901030078234000900
012000000346080500000510346895023007003460805007000120001234608004600950078951004
002040709000080500700010306000100467120067000407095100901034608078900200230678950
012300080000780000780002306120060090407895103005100007004600051678901200000200078
510040080306009000789000340103407805467800123005120060004678950051030000678000234
510340780040000012780510040123007095407805103005123460678050030200078951051204670
512040780040780512709512046120067890060000103895023460070050204901034070204078900
510306709306700502080012046103460000407890103095120460051004670000608901070051230
510346009300080510080502306120460890467890123000020067051234678070901034034000050
500006000306709012709012306120007895895020400000005103030678900008001004001204670
510340780340080010700502006103467005000020067460090003004678051951204078608950004
502340789346709012000002006003467005895003467060800120608900000004078050000204608
010046009346700512000502046020067000800023060060800123000950004900200608030078901
000306789306089502780000040100000095800023000407005120051034078034008901600051034
512300089340709000709512306100460800800100407400890120051004078670050030204608051
012006709340080010080500306460800023800123060020060890034078050678951200901200678
000340780046089512780510046007090023005020407020467800034600901050000670670001204
002006080040080000700002346467000000095123460020407805078951000034600950050004678
010006080040780012780512346060805103805003407120007800608051000001230078034070901
500306089346700500709512306407000120895023007120467890950204000000000051078951200
512000700040009510009512346007805003090120467123000890950034670070950234004008900
012046089340709510089510040460800023000407805895120067004000000008951204950034670
012046009000700502080510340400895020123460800800000407230670000901230600070050204
500340780006700512709012300060805000023467895805020407070000204034670951951204608
002046709046009500780012340460800000100467800005020067078001200950204678230078050
500006780300089002780002340460095103100067005895103467951234070030600000678001030
012300709300709510009510340407095123120467800095020007951000608070051200230608001
012000780346789512000502300095003067060095023123460805004678051078901004951004008
502300080306700012780010040000100067060890020123407805204670051900034600078050000
510046089346789010089002040805100460060095003103407800600901000234678950951034670
012346700040000002000002346890103400460895100100400090078901030950030678000670001
002040789040780002789512046805120007467005000003467895000030600204670001008000230
012040709300009000080502346090123467460095100123400890901034608078001204034008901
510006080046789512000500300000023467120007000007005120034600900608951004051204008
510346789346780510700000300800020460023407890000805023234600050901030600000951230
502306080306789512700002040805100067020000800407805023670000030004678000000200070
510000789006700002009502000805103407023067095007890020608901030900200070034070000
000300089046709002000512306895103000000060090060805000000200008230678901670050234
000346009046709012080012346090023460120067805467805100050230070000001204034070001
502046000000000000780010306120460800467000120095123467234000951008950004051000000
502006709000780512709010046123467890467890100005100467030008900950034678070901204
012340700040089512089012306023460090000005020890120460670051034234000901051030600
000006789340780500700002000023007095460800123895020460670000000051204678000000050
512300089006089012089502306023000095060800003890120467900204600034008001678901030
012046709346780502700012340000407800467800120800123007050230600070050000204600900
002046080306080510789000006100007890805023400460895000000670050670900000901230678
500306780006009002700002046003460005090003400007895120034678051950000078670950204
000340780346089502089512046123060890890103000007000100000901034030678001000230078
012046709340080002009512346103000005890123460400890020608050234900204070034670001
012306089346700510089000340020467895090100007067000103001234600204600001070000204
502046789346780502080500046100007000890123467067090123951004070608051200034600900
512300780000780502789002346467800103090020400123460095004008000670051030900000600
002040000306789502789010040467895020895103460100007890230608951051034070078051200
500000700040789512000010046467805003800120000023067890678950230204600951950234608
000340009300789012089002300060090003895020067000400895678900204950004000200670051
002306700306780502000012000460890120095023067003007000051204000200670050078901000
510306080340000002000500306000095023805023000003067800951204078608950204034600000
512300789046700010709012346460095100020407800095103467030670951078901000950004008
500306780300709502780012006407095020000460805095120067030600901901000000008900000
500340089340709012709502346067005103023460895895100000600950234030600050051034670
500306000000009502089002300000890003000407895095023467600001200900034670004078051
002340780040780002789510300000090103023460005800103067900204670000078051678001000
000040780346089002789012000467090020103407805000120407001004600070951230230670001
002300089046000010080510006005020007007000100023067095234670950008051200950004608
012346780346780000000002340005120000067095123023407890200678950901234008078900230
002000700300780502080512000000023407007095003023067805670000234034678901950204000
000040709340009002709012300890103007000890123103067890670050030950004600004078050
012006089046080010009510300890100060467000103100060090901200600230008951070050230
510340789300000500700502306890123000407890120120400890051230070670951204004608901
512300009306009000080010040005003400020407805000005123234078051000001200051204608
000046080046089500789512000890123007003000800407890023204670050901000070070950034
010300089300789502789512040890000067100407805467005103678901030200670951051000608
012040009340789500000510346895100060000460800007800100008950000950200008230008951
500006080346709510009512340805020000020000800467095123950004600200670900008901200
000000709006780510780010046095100067103067895407005100951000070600950200204608951
002346089006789010780000340103400000007890023800103407034678001008000204051030078
502040009006789512700502306120067095467895020090100067034078001950230078008050204
510346700006080502000500346000000805460095020805123460600951230000678051901200600
500346009040780510789010006103400890067005103095123460078000230051204608234670950
012000709306089502000500300123000800067805023000023407950004670204008050070050030
512346009040080010089500046003000890407805100000123400901004600678900234200600950
512306780046780012000500340023067000805123467467890020000070901678901030051034070
510340000346089012780002306103407095095103060007000120234070050900034608078051234
010046709340700002700502340103067895890003000060890103008900204200670000051234000
502346700306700012089012000020060805090023460400090000678951030050000008030678901
512346080300080512080012300123467890805103007060090103951000070230608050078900230
510006780340089510080510040123060000800020067007890023050004078670951030234600951
512040789300009002789012006460090003090103407003067805230078950608901000051234008
512040709000700012789512340067095103095023407120460090230078901000030078670950204
010046789340700012709510300467895100095023060103000890078051004230608001900034008
502000000340700012089502346400095023890023467023067800000001204900030670230670950
012346009040700502089012300400000003895123467000060090001234000004678000678001200
002340700306780512789500040460000000000120467120467895950234070608900200200070051
002306709306080500080000306000090103103060090095123067000078050608050200001204670
502040080040009500009502046067805103003467095005100460004670050950230008670901034
010306000340080012780002046467000003023060000890003467608951234004070050051000678
012306709306780510009000300067000123000467005090103067008001200901234078000678001
000000780346709002009512340400000000120407895095100067000230078230608001078001004
502340780000080000709002346460800003100067805095003460051230608078050234034008000
000000080346709500789502306095003007067800100000067095034078951600050200000204070
502006089046009510780012040095020067000805120100467095234608001000204670070901230
512346000306080510009502046005023407000005023100460805000901034030670000951204000
510346709346709000700010006090123060400000103023400805000051034051030000000078950
502300789306709012709510300805000067007895020023460890051200678204678900000001034
012306789306009002709512346095023460400890003120407000950200678070901200004600051
000040700340780512009000346890023007023467800460000023200678951600900000050000600
502006780300780510789510306000023467103400095060800120204600000950230608600951230
500306700046789510700002006095003460103467800007095123008000204004000051050234008
010340789046000010709512300090120460000460800407095003600001004951004070000000051
510340789046789012709012306895003400123407000000805103901204678000608050078001230
512006700006089510709502006895003400123467090400895123950034070008001230034670901
500040789046789502780500040100467890460000100090120460030078951600900000950034000
002306080346780500780512306020060805007005000095120407204008950901234078600900234
510306789046780012700012046100000805007805000800003000070051004034008901950200608
000340780006780002009500300120067005067805120895020000078050030051000008230070950
002000000346080012080012000103060890407890020095100007951230670200078951070050004
012306009306780012000000006103060005067890003895023407950030608008050200030070000
010046009346080512089012300100400895805000460060000003030600950008050034951204000
502306789340709500700000346123467090805103060400090120234070901951004008008900200
012300709006009510700510340020467805090123060007000023670950030230608951951230678
000040700306700502709510346103467000800020007400090000678900004050234078030000901
500006780306080510780512346120007890895103460400095020901000000200678951670950230
502000080040709512789010306000060800895103000067095123000004670678051030004008950
502340780340780002709012040007800003890003067103407090234070051600051234050034070
502306789340789012080502040060800003895103000103407005234008051050230078078950034
502340700046709502780000306467005000095100460103407895000951030230600951900234678
510346080340000502000512000467095100005023460100067090600900200051234000004608050
012000080000780510009010346007090123005020067003067890051034670004000951070051230
512046089046709000080500306400095120800003000020467890051230608678950230204000900
000340080006089510709002300060095003023060000090023407034078951678001234901234000
012040709306080010700002300467090023103467890805103067204078950900034608078951034
010046089306700500709000300060090120023007090000003407000051234034070950951034670
502340700046009010789010340400895123123060890895023400008050230951204000204608900
510046700046080000780502346460090000100460805890023407050204608204078901070051234
500000780340080502780502306460090123123467895890003400900034000008901004230078951
012006700300780500789500300000123460007095103103407090230600950008051200051234070
012306709340000010080512340895103000400890120100467890204078050000030008600051234
502300080006089002789502346095020400060895103123067890608050200234000900001230670
510346709046080002709012306095123060407095123103000095008051204051004608204600001
510046080006789510709510000005103460407005100020407800951230608000600950008951234
500006780040089510700010040090103400467095120123460805951034670600901230204608901
512300789340780510080010046005123407120400890460005123004600950008901000951204078
502006780340089010000500000090003460003400090407805120030078901950204608670050004
012306780046700512080500000895120467023400800007890100000951030204000951900204070
502300089040789010709512306895120407120400095400800023070951200950004000234600950
510306700306080000780502340090103467020000000007890003001000608230670950070951234
010340709340000502789002006000100067003467805467095100051204670670050204030008900
502306780046089510709510346023067005467090020000123067230078901070050200900204670
500340709040780002080010340003060800000805120895100067230670950950204670600001034
010040089346089510009510340023467000067805000090100007070001200034678900051030670
500300789346089010009510000100400005067890123800123460078901234900234678030670000
000340709346009512700502300123067805060800120095023400001000008034070950608051230
002340000006789510780010306120407095007095003005123067051030600008951004030070901
502006700046009500700012306100060805090100067467805100000078000608950234900004000
502306780040709502000500346120460805805100007000000123034600000001204070078000234
012340700046700000089502346103460005095023067000095023008051034234008950901234600
010000789346089512789512300023407805800020000400800020000901034051004600004070001
012340709046709512709012046123000805005120400400090103051200070204678051600050030
010046089346009502009010340123067005000100060067805120050000600070950230234678050
012006000046780012009502346407000023890023060103460005034070051670901234050234608
512046089040089002089510306060890020005100067023407090230608051951034008000000230
502300700306009512080512046060895120895100400020460005078001200034078051051234678
512046089040709512780002300460095123090103067003467090008001204051234608234000900
010306780346709502700500046000895020095003460120460095950234678034070000078950204
012006089346089500089500346000095023895020400003460090951200670670050200230600051
000006000300789512780510340007095103023407890890023060234600950078900004001204008
002040700006780010700510346407005003100460805895000060200070950051200600670951004
010300080306089500780510306400895000123467895095003400608901030004008051000004678
012340009300000510009512006467890103100000895005103407070000234950234670000000000
002046780046789012000010306460095120120400800800023007950030678234670000000050230
000306789340009510789500040000805020000067095890003007900004070608000200000678951
012306080040089510780000340095120467400095020020407095204600051670001200900234000
512340789046089502000510046805000007460890123000067890230670950901000600600051234
012300080346700002089510346095100007007005023103407005070051200000000950901230000
000306009340700512709002346800023007407000123123000095678001230900234078034600001
010040700006780002009010040095103460060890023120060090951200070230678900000051000
012006080046789502009512306890020460407000120020060800901230608600001230034008001
012300700000780012089002346000103000120007095400090023200678001008950204900004678
502040089046009502000502046890020067103067800060090000000008951001030070608050234
510306709000780502009500340095120467000460005467800100608951230234078950001230608
512306789000700010780010000895100067023067095060000020000051004051030078204008001
512306080306709500000010040090023060123467800467090103050234078034070900078901230
010006009306089010780010040095100460103400000067800123900200670078001234234000000
512006089300709010789012306023007095407895000800003067000078900678901200900200070
512306009000009012089500346120067800467890120800003460234070950950030670078901234
012006000046780002089010046100067095407890003895000460670951234204670001950204008
010040080046789512700502300100060800460890103800003067078051034001200670234600051
510340780040780010709502306020400005060895123095003060951034070200070951678900034
010000789046080502789002000123067000407890123890120067951034070008950200000008950
002046000046080512780512306123067005095103060400005120200000051008050000000030608
500300780006700500700502346123400890095100067007090023234670900950234000608051234
012300080046080500709512346023000095800020000007800103008050034200600950050204008
502306089000700010009510006103400090090123467407895020600950030050004000234070950
510306000046700502789510006003000095005100007067805023000034078030000901670050204
000340700306080500709512340023460890800003467460005003001230678078001230204000051
002006009000000512709512040407895100005103007120060805034608901678901204000204678
010306080040000510089500306467000103000003007100467890230000001950234070670950234
502300080000089500000500346467890020090100067020407805070050200030608950901230670
002000080040089510080512006460895023005100467023460005608901230050230670204008950
510346080006700002000510040067890003800103007003407890001230008030078950600050004
010000780000789010789512300000800023095023400123460895051234678608001204234608001
010346780306089010009502346007805003000400800805100000004070051678951234901200000
012006000000789512780002040067095003003400895895120060034608950950034678608950030
000040089046780500789510300400800120120460890095023067078000230204078051001200008
500000089346000500000502340407890103000407090805003407008900034951230078230008901
012346080300789502000000000467895123020007895000020060950204078200670001670051034
012006000346789512089002306467800120100460090000020007901234678008901230230670000
500046080306789502789012306895003467460095020103460890004008050078901000000200600
502346789006700012080502300890123067400000120103007095204070950001000078670050004
510346080040700500080502346090100007407095023000407095678001030200608950901004070
002300789300009510009500300005120060467890023123407800008901204051230078234670950
010306009300009000080012340095120007067000120023460890000230070230000951078000204
512006009006009500009012346895023400400005100003407895051030678078951000204600951
000006709340780510780502306095023000003060095407805103204678951070901204050000008
502346780340700512000510040890120067023400800067090020204078051901034678078050204
000000780040789010789010046800100400020067000067095020670050204204608000951230078
002046080340700510089502306800020460023067005467095003078001030950000078200678001
502346789006709500709010006000003067123467000067095003950030608030600900078901004
012000700000080512089510300895120400120467805400090003950034600000000234034608901
502306789340789000089012346003460000400800123895023467034070000078901200051204000
012006000300789512709500040100067095067005103890120007230078051950234600070001234
502306089340080012080012046023067095467895100800003000670950204200670901901234078
010046000046080512780510346100007090467895020090100007608051200901234670204670950
002046700340789502709000300000007805067800123895103060001004008204070000078950234
502046709300009502009012340023067890000005003000123007900204600070051234000070900
500000780046709002080510006100400000805103400067890120034070050070951204051230078
012000700300089500700510300003460005095120067007805000230070900950000600678901204
002006780300700012089512046023460005000103007467890003008001034230670000051030670
010346009040780012089502300103400890090123000067095123078000034050230608030670051
000346709046080010089512340023067005005020460060090100001200608030078051670001200
500006089006080010700012306003067805805120400467890023951204678608951204000070000
012046080000789012700500000007095103090003067120467000004670900670951004900200070
000000709006089500789512006407090123095120000023067890034078901901034000070951234
002046009300780512709002306400090003895100060003067895608051204030008000951234670
510300780300080000000010346460895123095103460023000090070951030951230608034608901
002306789000700512009002300400800120090120060120407800950004670234078001008951204
512046080046089012089000346400800100090120007000467095900230670078901204034600950
502340080346780012089010046460890003023067800090020460200600950078951000950230678
012300709040709012700510306067890023120460805095120007230678901050004078608000234
002006789040009010089512340007000103120067890005103067600951230234678901001030070
502300700346709012080502306407800023023007095805120060678051030000000678234678050
010346080040009512089500000400000003120067005800120007901234670230078001670050230
010006089300789502089010306000800100103007000800103000050204600070051004234608051
500346780006089002080010300095123000067000000003407095234078051000000204950200608
012006780340789512009502046095120400007090023020067095004008000950030670008950230
512006709006709002009010046890003060067000023020460890670051234034678000901204008
000340080306089502789012300890023400407895020003067895078950004001034008204008901
010000709306089000700502306890103400007800120100060095050230608230670951070050230
512040089006780512080510000800103407000895020120407890900004008678900230200678000
012300709340709012700500340895103067120400090460095120204608950608901234901004070
010006089006709502089512000800120060000060890467000023034600901951234600600000004
012346709000709502089002346890023460103060005400095100670051000234608051050200078
000046009046780502700010300895003007003067005460095020600050234950000600234670950
500006700000009502009010346000100407003067090467895120900234678204008000070950030
512046089046080012700012046890123407003467000060005120900230078070901034204000051
502300700006000512080502346103067800400800023895103067230078051678900234050000008
510006000340009012780512046000007005467890023890120067234678901950004600070051034
502040700046089512009512006023000890467890103005100067008001034000078051951234678
012006789046700010789510306120400805000005000095000067070901034901234000230608950
510306709006789012789010000023407005407805103090003407900030678034078950670001030
012306789046700010789010306103007090400805003095000007051234678600901030034000901
500340780346000502080500346003467805095003007000090020234608900070001230000030670
000006080046789510700510306020467005005100400060000020234078900951000008000050234
510300780346009000700510300003067805090100067460800000608950004004078901001004670
510046789346789500000500306120007090005123007007805003070951034000030070200600051
512300789006009002000500046000460895800120060067005023051030008004608900070900230
500306000340709500789500346103000090895023007067895123050230070008900034234608901
502306709306089002700502340007890000895003067100467895000600001078000000050234678
502040089006709502789002300067800020805100067103007000004608000050230678608951204
000340700306709500709502040467805103005120400100460890070050034004670001900004608
010040709006089012700512046467800103090120007023467000608050200901234078234008050
510346780340789000780010006060890000090023400103467095001000600004608950000950034
502046000306789012009500340460000020000003407123467805001030670600950000034000000
512006709000789002000510006407895020103407895805023007230000050070001204001234000
502000080346080512089012300000005123123067005890123007004600001001034678070901200
002300080300700502789512340460090020120460090000120467678901230230078900001200678
512006089040709002700500346060895123000000805895000060000950030901200608034070951
512000009300080002789512046007890123103067800890100067050234008200678901670900230
500340080040089512780012340460895100100000090805123007901034008008901004030008950
502346789006089502000012306895123060460805023103007000200078051070901000901000678
510006789306089512089510000895003460407095020000067805000070900050004678008951004
000306009300780012000010306000123067407095020120400890600900000230070951950230008
010346780306000012789510306090023060400000023120060890670900230900030600030078951
512046009040009012080512340890123067467095020020007805050000670034078050608951034
500040780006009512089010300090103460060090023100460800000004600078051200204600950
000006080046709010700512046800003060120007895067095103234608001070901204950004000
010346009006009012700502040890020460100067895407805003200078901951030000008951230
000006089300780002009512306095000460003400090060005103008051230034600051001004078
510300000306080502780512040005103400103007890460805000070001000050030078004678900
510046089300080510009002046095020467020400895460890000051204078200008950078951234
500046009300700010080000340800103060123460005067095120051030000670050234230670051
510300780300080000000512306123460095407895123095100007004008051678000000001000600
010000009006789002789502300120460895407095020095023000200678050050034078000000230
002346009300700510089000340023460090000090103890020007608050230204600051900204078
012046789006000010789510306100007890407890000895120460008050200051034070034078901
512346780006080502009010346103407090460090123005120067951234008034670950070001030
010040780346009512000502046100400095400005120090020007900004008008000034204678901
012040089346009002709012340120407800895120067407895120030008950008050200900234000
002340780040009500789502046003007095890120407407895120204600951951030670600951004
502340789006089502789502300120407090090000407060895103070050204030070901051034070
510300700040789512000512006120460005805103060460090100670050030901234070000000001
510306709306009002709500046120060805090100000400090123051234008200678901670050004
002346000000000010709010300123007095005100067400000100901034670670901200204678951
500046080340789502089500306060890103895020007100407805004078900078950234950034000
000006709040080010780512006407895023090120067020060805000670901050234608070901204
010306789006000000700500306060000120895003467103460005000001034030078050951030008
500340700340089010789510306407090120800123067123407005670001034051000678204078050
502346080346080510780500040407805103090000067000007890901230070000678001600000204
012340709306700012789512046067090003890023007100067805051004000608050034200678951
010300700040089010009000300407895100003000805005100067230678900600000034951034670
002340009306080510089000046060000100120467890895123060204078950900030600008900000
510040780306709010709500306407805100100000895805100460608951234004000051951234600
010340780306780002780000346060805003123460895895000067670050034951030608034008900
000000089046080512000010300467005103100000890895100407951200078234078000000051230
002300000300789000780502340060095020000460090895023007001004608608001034200670950
002306780046789502789500000005000467067005020000067805204078951000000204900234000
002040789046080012089510040895023007000005100120060895204670000001030000008951204
510306709340780012789012040890003407407890023103400005008001034004078951051204008
002046780300789000000510346890120067067005120023467800670901000051204078200678950
502340789340789010009010000800120067407800100023060890951030608034600001070951034
010346780046780002000010346090023460407805003003407000950200070078050230200678901
002300000346780510789502300800103467120407800460005103204608900670900204050034670
000040709006089502789510006000123400123467090460000103230600001051204608070951200
502046080306000500089510006095103007020407095407095123078901034230078050951034678
000040709046000012089502046090100007020000000467005020078900230951034600000678901
502346789346709010700010306805120007023007805467890100950200078030670900670901034
512000780300780010000002346095003400123060090000805023900204670670050000234078951
510006089306089002009012000020407895460805003895103060004008900600050034051000608
502000080046709012709002306023060890407895003005000407230670900901204678608900000
002300080306789500789502346103467800400005023895120467608001000200078001000034078
512340000300009010700500006123060800400895123805100007008900034000030070030070951
502006089340700512009002306123407000460000023890123467050034670004600900678050204
512340000040000512789012346023460090467800103800123400900004608670950204004008901
502300009306709510780000306020060800005020067000895003204078051600901204901004608
000000009340089012700502306003460890805023400060800020030008951900234078600001004
502346789306080510080012340103060000890023460067805120600050230230678050051230608
510040780306789002089002346103000895800003460407895120608051230951230000000008051
502040000040080012789002006120067805895023460407095100901200078030670901600951204
502046080000089002789010040020467000895003407060890023051004608678001030200678001
502040709306780510000002306067895003000120000103060090204000000608051230001234070
512000700006700502700502300407890100805120460123067895034000900901034070670951234
502346789306089010080502006467805103800103407103060095070900204004078951050204078
512040789300780000789000006407890103800103467120467805600901234901000070234070951
500306700306000500089010006060890103805123460000067000901234008034008951000051204
502340780040080010089502040460000003895123460120060805001030008008950034030608001
012306709040700000009012300400005020123007895000103400234670051070901200901000670
010306789346000010789002340067090120123467805090100067204600001001030078008951204
510340089046789510709012340460805003100000800890103460000900034204678901951204670
502306709346080502000012046067005100120067005895103407670950034951000070034070950
502346089346080500700012300407805103023407095095120467901234600004070000008050034
002000780006000502709012340000800023000000890895023060900034608070950234230670001
512040780046789010780502046890020400407805103103467805200000901600051034001200608
510046789346780510080010300895120007460805123103060895204070950000004600078001004
010006009306709502700512040000000467400090123100060000608901234034078001900004008
012006709340789000789510340890023407067095000020407805608951230000230678004078001
510340700040700502709502340095003067060005020000067005050000600004008900678901234
510306709006000502089012040800100007007895000100460005050034000000050004234678951
502340089340789510700002346090100407120460005000895000004070901678000004050234678
502346089300000510089000046090103000103060095400800103204678001050034078078901030
500040789346780002080000306890123000003400895460895000670951000030008900901034670
500000709306789000780510040090003467123407895060890003600050200901200000230678000
510300089300789002780002300095020060100407095007000123951034670000070050000950030
012000780346089000700000340095003067000407890407805120950204600670950234034600000
512006780306789010080510346103460805400800020890103460230678950078000000051234600
500046089346709512089012046123467095007800123000023067200070051051000678608001030
512040780300789010089000040020400890067095120805023007070050000230070950050004078
012306089346000002000000340100407005407000020895103467008050200051230078030600050
502340789000789010789012006123467005067095123800120060050230670034000901070950004
002300000346080510000000340023400005407800023090023460900200070608051000234070951
512046080300089500709000040003067800000123067007890120234008001608000204001234678
010306080000080010789012040100400090890100060060090100204070950901204608070951004
010306089306700502780010346020000000095123067067800120078901030004078050000034008
012006780006789010780012306103000000800123060000005000600900004001234678204070050
510346080000700510780510040123060805095100067007805020951230670000608951670900034
500346789000709502780000006120007005805123407467805023901004600070050200234608950
012040089046009500089502306067895103805120407100000800230608050008901034950030608
502040780306089500700012046460095023005100460023007890230678901051034600678051204
000300709040089502789500040467000120005103007023467005670001030204070050900200678
512346709306780012700000340407895123005003067123060800008901034951000070234600901
012306709300700012089510340400095120895000067123067095051230600234608051008950030
510346709006709000080012340407890020895023000023460800001034008070001200030070900
502306089040000510700012306067895103103007090805103067200670901670001030001230678
510340089340009512709512306407800023020067805005023460234008900000230008678950034
510306709006789510709502340407800003120467095090003000670001034000070900951004078
000046780346080502709002046460890003103400890800103007670951030000230678234600001
502340780300789512700012340060000023103407005895120400951230608030078901670001030
500340789046709002780500046467005003000400895095023460951234600078050030200608051
510306700006080510000012046890020407007895023020067890030678951678050000950204078
010006080040780002080510046800003007460805100103467095204608901050034600678901004
012300700346709010000512340895003067000005100120067890608050004200678950951004678
002306780000009000089512046090000000007005003123400890070051234050034600234670000
500300009046080512089500040890123407067005003003000895901200608004670901078950230
500340000046780510080502000800120407060095023023400890051000000678950030200600950
510040709340780510700012046000020400123067800460095023034008001008900230951230670
500346789040009510780500306805023460000407000060095120034608950051230000670051230
002306700346789000089500046805003007120060890067090100600051234204608050001004078
012046789000089512700512006805023467120060095407005023600901200950030670034670900
500040700040009502709500040805123060123007095067805123901234078034078900000000204
002300080346080500709012000895100460020060090060095120051000678070051230230000900
002346789000709510709010306023060090460890020095120407030078050000001230001200678
500300009340780512780002340100000895067800020895003000234078001900030070000950034
000006009340780512009000346100460095007000103090103060670051230034678950950204070
512306080046009010000500046103467000067895023000020400070950034000204078234608901
512340789000000012780512300120000005067890103800123007950200008204670900678051000
510346700346700502700002006020067000007095023800100460001234078000901230204670950
512346000300089012700012346120067000095120060460805100234078900600050034951230678
510340080006089510089012040003400805805123007407890120034070951900000670670001030
012300089340700502709010006100060890800020000400805023070901234230600001901034608
510306089306000502789000000023000800095123467400005020070000234051034008230600000
012300700340089500089502006120060090805100060407895103950030600230600901070951230
510346789306709502089502300103460005090000000467890003901200600600900204004678950
002040789046709012789012040067800100000120407123467895200008001078051200050000670
012346780340089502780000340460090100800000007020460090200608001000000670670901200
012300089346000510700010346060000120895100060003460805000000234204600900000004670
510346780046780010700510300067000003805123467100067890008950230000234078234608051
510000080346780510009012346007890120095103467023007095901004678200608950078050034
002006080300789510709010006067090003805000060023467005001204608008000200030678950
012006700340789510009510346467800023003407805895023067234000051600051004001230078
502040700300000510089000000400890023103007095890120060034608950950030600078901004
000040700040709012089000046067005123023460005090123000070050234204008050000234600
010340009300780012080510046060090023020400895090100067608950004901000078034608001
012000009040709002780010300067895023020067095005120067000004000030078901678050230
510040089306709012789002340060005103020400890090020460951030678008001000030608001
502306780346000012089510306895103060007090103123060895230008050678951000001230070
500340700006009000709500346805100467060005103123060890200008950901004600678951204
510046789046080002789500300000103467460805120123467095678050034004000051051030070
502340780300089502700002300800003460067005123120400090008050204001004070030070950
502006709000780510780512040890000060067895023023067890001230608234008050678001234
510040709046009012709000040890020067000005123123067090900030078070951000004670001
010040080346709500789500046005000407023467090067090103200608050678050204900004600
002046080000780502009500340090023060103060890400895123034078001900230608008001000
010340709306089000700502306890103460100000000007895020000050204230670000950204070
502006089006709502780010046805003067100000895407895103078051000951234670204078901
500346780000709002789000046005023460120067800007090023901204670000070901670900034
510340009346080510709012340000000400020067805400090100901030078678901034004608951
500300780300089000789510346120467005467890120800000060234078001000051204901034600
500046709300709510009500346123400805407095120800023060034070050001204078070950004
500346009346080012780002006023067890400095123895120060008001200234070900001234608
012306000046000012709512340103467000067095020095020467678951030950034608200070900
010006780346709010000512006100467805467005120095100407051230608230008901008901200
012040780040089000700002006123400095060895120090000000051004000008900234234008901
012006789346709010780012040103460005000120060067890100030000900000950204051034670
000346709340080502700000046120407805890100067400005103030678001951004008070951000
012346780340780500700500340123007000800020067067895003008950200000070901951230608
512340789306700010000510300123460095005003467000005120008951230001230070234600950
500000009340709510780002306023460005895123067000805100050204670234670951670950204
002306089046009012089010006020467005890000007067805120950030070070001234200078901
502340780040780500700510000407095023800003400100407805204670951608900030951030078
010040000046780510000510000467890003000000060020467000234678951900000078070950204
512040009040009012009502000007890003895100460103407090600950230004600951901200008
510006789346700012700000040007805003090103467120467895078901034050204678034670000
500300789340000010080002300400805123805020400120060890951000078200678950078951204
512040780006089000009012300460095103800123400000000005051004008600951204204008901
510300089046000000000012046060895103123007800005120467034008950600051034951200078
502346789046780500009010006060800003123407000005023407034008050951004008008950030
510006709000009010089512346400805100120067805090120000008900230204608900051234600
012006709346789010700000346067095100120000805000123000078900230950234000004078950
012046089300080002080512346000005123023067095895103400951004600204678001600000234
510046780306709012780512346407800020023000805805120067900204608078001030230070901
502300700300780012709002006890020467400095020023060005034000001000951004900204600
012040780046080512009502040890123460007095003023067895230070950901204078000050034
012300080000789012789510306090020067067090020003067095078950200030000050951034670
002006089040789000089012046800003407460895003100000095008901234901200008004070901
500300780300700002780510006890100467467095120103467005950230670230670951678900200
500306080346780002700500340895003060467890123020060890901234070008050034034670951
510046789346780510089500300805023400100067805007090103000670901678950200051200670
002006700340009510009012306000120400120007895007090023234008950000204600078000030
500000709300089000780510306000003467103407000467090120070051200230078951951200070
012306709040089502080502006805100467103060805000890000008951230050200678234678901
012346700340709510700010006890003467120067000407895000951204670000600001678001230
510340080006789500080010046805000067023460895067090100001204000008950230034070051
502306780046009500089002006123000095460000023800100407030008951078950030050234000
012000000006780512080512306020400890067000100095103007034008051051234600000901234
510000080300089502709510000103460090007895123895100060678050034034678951000230670
012046009300009012789500346020067805407005103005020407670050030951234008204078901
000346700306080010789010306123000800067005023090020067051034000004670901678000230
502306789040009502789502300120400805007805100805020467951000670008951200204008901
512000009340009510089512340100067805095103400400805103004670901070901030951030078
002300009346080500709510046120460890895123400060805103000608901050030008600001034
512306009300709012780002300000060005800023060407095020078950234000600050000034070
012346789040000002780500046003007890895123407007805120070001000001000078234608901
500340009340000512089512300020007005895000060007095120051200678230670051078001204
500340780300080512700512040120460800805123060060000023051200608070951204000670951
002306709300000502089512340407005120890023060123407095230670901678900204000234608
002046709006789010709002300007895003890020067120000895200670900001004000070900030
500046000040780502709010306400095120000003407100407805600051034234670900900204678
012046789046780012000012006407890120095000400000467095000900004001234070004078900
510300780000000512000512000460895023000123400023060005001234608030670001000950034
502306000046709012780010040007090020895023000120407895901200000000001030004678050
512006000006700510780010000467890000100400895095003007204608050008051204951230608
500006709006080010789012006460890103023060890000023000204608050001034070600051200
510040089306009000000512306060095023020000000895000460608951034000008000051004678
012046780046789012089002306000800120120007895090023000670950234050204078034678001
510306080006780002080012306007800003003400090890123467950030008230678901670950004
512300789306789012080510040000895003103007090805100407951230678670951004000078950
502346709300789502700010006005120467460095003120467090234670901070050004900030670
502040700306700512089012000895003407400000003103007090034608900901200670608901234
000040709040089010080010306890103407067895000120060005070000204004678900001234670
510006700000089502709012000090023407400090123003467005678051230901030678230008950
010340780306009000700500306805020060060095103103007895950000608004000951008901030
500046780340780010700502300890103060060095120120460805900030608078001230000670900
502046700300700502089502340805120060023460005460095123030070051678901004050004070
010346009346789510709010306095020467000407890007090120230070001000000678008951034
000346009306000010089010346005000467023460005007090100078951234034600051950234008
010000709306700500789510300800000067023400890400005020600050234951034608200600000
010040789046789012009012300800003000120060805067895003050034608200078951678051004
012040709340009010089012000800103407000000805400095123950030078078051204004678000
002346700340080512780002040020007895467090103005020400034670950600000230051200070
510346789040080510709012306100007800400800023805100400000600051951204008670051230
512346089040000502780012000120407805467805123095000060008951230200600900900234008
002000789300089510789510300123067800000000023090120000670950004901000078004600900
012340780040700510089512300120400000467090100090023067951200070034070001608900030
012006089340009512089012040103067890407005023000123460000034670608950200004678051
512300000000000502089502040123007890095003007060095120030070051670050004051234008
002006789006089010709002306003067000090103460067005023200600901901200600678000204
012300789340789510789510306120407000890023000407890023008001004004070951001234608
010346700040780010009500006000407005890100407407890020008900234901204608204600901
000346089346700010789002000120460805005103460407800020950034008000600950608051030
512046780006780510000510006100400005805003067060890100001234000608050234234070900
002040009340700512780510046400895103095023407003400895234608901070951000050230678
012040000346009510000002346007805103890023400023460805200678001951234600608000204
012046089340080002789012046067800100090103067123060805000951030004078950950200070
010306780306009502789010340400095120090023067123000890000000004001034670200070901
510306000340709012000002300067005120800020000003467895000000608230670951078000204
010000780006709512709010000060895120090103067123407800050204078600000204230678900
510300009000089512089012306467000123100467895090123000030678000608050234951204000
012346080040700502780512340067800023120007095800003460230078950050030008678051204
010306780000789510789002046467805000100067895895023400070001204204670051900034008
002340080306000512789012306007000023100467890005103000070000034001030078030670000
010346009306089000089012046067005100103060800095103067050004608234678050600951230
512300089006780002709502306000895003123467005800003067951004608678901234000600051
502046709340080510089512040095003000007005003123000805034600951000901030051034078
512046089340780502000510340005100460467005103003467000034078950950000008670051034
010346009040089512009000306005120007000000023023407890078050004204008951051200678
010340780340080500089510346090100007007895103003467095078901234950200070204678900
510006700000080512089502000895120000000890103103407895950030608234078951000900000
512006089046789510700012306005003067460890103100400005051034008600951004200008001
510006000040780010089500306800000007100060800060890103234678900678001230000034670
500306789300789512709000000095100000103007005007890103230678000001004008008901000
002340789000789000789510340890020407020067090007005020600050000200670951951234678
000300089346089512709000046890120467023007895467090000008900200901230078230678951
002346789340089002780012340005023460023460890400805023951004008004070950078900230
012300709000780500709002346890120400103467095400000123950034608008050000204608051
002346009340089012789000340020407800460000123890103067230678050008950230051000078
512306700300080512789010040100067095400005120095103007200078000051204078600001000
502306789046709000780510300120460805067895123005100007600001004234070950050204608
002000700340700010709510340100000095460890120095020067600900034901030078204600901
500040780340789010080510040003007005060805103800023067001034608230608051008000200
500040700346709010709502340020007890007095000895000467900200678070951230000670001
012006089346089510780510300103400805800020060067000023030078001078950200050204670
012040009046789500000510346000460890095120467067890000234600001951030608600901000
012040700346709000709510346120007090095123000060090023000901200204008900951000678
510340700040080510780500306123067095095000007460805103600951034901030008000608951
502306789300089012780002000103467095005103400467090000951204000204078951078951004
000046080006789002080012006023467805000023007007000023050034070670051034230000001
010306700300700502700012306400000020800123467003407800000600051070900204051204600
502340709000009000009510300460095120095023000020060005234678901050004608670001234
012046700000709512789012340460090100890100467103467000678900034004008900051004070
512006089006009502080002300467095100800003067003407890670000000901234000204600950
510046000000000510709000040067890023000120400023407805950004600234608051600950230
512046780046780510009502046000895120090003067023067895000204070078901034204008951
500346709000009000089500000467895120023460805000000067230070050608950004000030608
500046089340080000089502340467095123023060005095023407230608000051034600608001200
002006780006089010709502040460895100100000000805103400670000034034078001050234600
502300780340089512009002006067890123023460090890023407000950004900230000200608051
512006009046080000780500346007005120103467890005103467950034678030670051070901204
502046709340009510080512346067000100120460090090003007950234608600050204200078050
512000700046780000000502000090023407467000023023060005204070900008951234950004608
012046709306080500700510346890023067067005003120060005204000900051004608600950200
510046009340709012780012300800000007407090120100467890670001234234600051900034000
510300009300789502089512040095020007460895123000007800008001230000234678234670901
002346000340780512700002306890023467460890120003460000001004078034078900608050034
010006080046089012000002046890023460467800100103467805001030670078950230004078000
510346709306089512700010040005120400103007890007090123234078950000951204050034078
500340000046780012000010346890023400123067895400800020200070000900004678078051234
512346780340009010000010000895120460103400805067890023678051200200078901000034000
502000709040780012700012300090023407000060095007095103670950230950034670000670901
002300009346789002089512300890003067020400890007800103901030070030070950070051204
502340080346700010000510306090100007123000890460805103950000608600051030204070900
012306080006700012700502346123407095067000120005003467004078950678951034051204070
500040089300709502009500040120460895467800020805123407030678950050234078670000030
010306709006780512789010300003007805467800003890100060078900204234608951901030600
010340700046789010789502306023460000007090103095120400670951230901200008034070901
502006089306789010080502340000060890067095123095123407901230600030670951600050234
510000089300089012700010006003467890460895023895100067901000078670950200234678901
010046080046709000089502306120060895895103060060805023230078901070950230951234000
010306780340789512789000040100007000800103460060000100204078901900204678600900230
502306789340780012009000006020000800805020460000895020678900234004078051901234008
012006080340780500789002040003067800095103060467800120078000204051030000030600000
002346089006080010089510046003400890095020467460895100000234078030070950070050230
000040709306009000700012000023067890090120460007890023900204078008900004234608051
512046789046089500700500340400805020800120467123460095234670050000901200051034070
012340009046700500709500046007095003890100467123467095204070051901004670608050034
510346009300080012780000306000800000095103467003007895608001200034078951901234600
010300780040009002009512040067895100000003467103060805600900204951030670234600951
010040709300789502089012306000800103805023400100000095000000678004078000678901034
502300700300709010789012300400005023005123060123007895000200678678901234200008001
510346089046000502009510040060890120103000895890023407034600050008900200050200000
012346000346700000080502346467090003100467090000003460234008951950204000608901000
502046789006009000700510340400890120020060800000023067600950234204008051950230608
512306080340700512080510046000095000020407895095020067078950200900230000004000901
010006700306780510000512000467005123020407805090103400051200070034000000670901204
000040780006789000709002300007895123023060090895100467001200600070051230034078051
010046700340709510000012306095020007467890120120460895234078901008900000051230678
502346780046009502709500046005000407467895023023400895030078901001030070078050030
500306000340789502000502346805100060467000000020467895000950234034670051951204070
012300089300700002789002300005120400067095123100460800608951230001000670004078001
512306780340700010709502340095100400067895120123407005000034600230670951608050230
500346089300089502780510000090100407060090023123407800050034608600000030004670001
510040780346789012709500040005003460103000090407005023004600950608001030951034078
010340700340789512080502006000023467120407005000805120004078051051204600678050230
000006080006709510089502006005103060020067800460890003008951004230608951050000670
512000089040709500009502046895003460000060895407090000678950234001230070000600050
000046009046789510780010346005123460100467005400005123900234608004070051600901204
500346709346780502089500306000000067120007090467005120901204678600001200200008001
512006789046009502780502340020060800000095003000003067200000050600050230051030078
012346089346700002089012346003060805467095123090023007000608901950234000600001234
000006709006089002709010000000400000007895120000123060678051000004070951900234678
000000080040789512709502046023467800067095103800100467670001034951204008004670901
012046700046000500080512340123000800407890123805103067950000600200078001008051234
500346789006000500789510040020067895060890103895000400050034070608950000004608900
012300780340709502789502040000067805800023060467895020004600950670901034051030600
510046789340709002780002346100467895095003007060805120030608900051004678078050034
512306089006709510780500306023060000895123460460890123600050204230600050901230608
510040000046700500080502300123060805890023060400090120070951230951204070200008001
012300089000789502780012306023407095800003067400000023050004008234078001608950034
500346089000780512789502046023067800805100067060090003001204670008051034030078950
512000080040709012780012300467800123095120007000007805030600951670901204950234600
010306709340089502709502046060000123895020460100060005234608051050230070000900030
510306000040009510789510306467090003805123007100067090008000000230008050001234600
500340780300000510780002306460000100805123007000407805670050204950004678004000001
010040089306700502000500306067095100805103460123007095050004600034078901600051030
502046000306700502009010306460805020095100460003460890001230000608900234204078951
512006709040009502700510046407090003020400895000000067000078050670951234901004000
510340709006789010789010006007090123023060095095023460204678051001030600070950034
002300709346080502009012340467805000123000000000023467070000200034600901901204008
512340789300089002089510006460090120120460005095103007070901230001004608234670051
512046709300789012709502306067090123120007800095023407051230008204670950070001200
500340780046009002080002046007890020103007800890103400050000670678901030030070900
012340000006000510000002300890123400467005003120007095034078901000901204951200670
012000780300789010009002000005123060400005100023007805230070900900234608078901230
500340009346009002780010306895123060000800120123400895008051234030078000951030608
012040709306789502780012006800123407007800003123000000670051230901200070004608900
